v3, V(vx), V(vy), V(vz)
Step Information: V1=0  (Run: 1/11)
0.000000000000000e+000, 0.000000e+000, 0.000000e+000, 0.000000e+000
1.000000000000000e-001, 1.000000e-001, 0.000000e+000, 9.997094e-002
2.000000000000000e-001, 2.000000e-001, 0.000000e+000, 1.999833e-001
3.000000000000000e-001, 3.000000e-001, 0.000000e+000, 2.999821e-001
4.000000000000000e-001, 4.000000e-001, 0.000000e+000, 3.999810e-001
5.000000000000000e-001, 5.000000e-001, 0.000000e+000, 4.999799e-001
6.000000000000000e-001, 6.000000e-001, 0.000000e+000, 5.999787e-001
7.000000000000000e-001, 7.000000e-001, 0.000000e+000, 6.999777e-001
7.999999999999999e-001, 8.000000e-001, 0.000000e+000, 7.999766e-001
8.999999999999999e-001, 9.000000e-001, 0.000000e+000, 8.999755e-001
9.999999999999999e-001, 1.000000e+000, 0.000000e+000, 9.999745e-001
1.100000000000000e+000, 1.100000e+000, 0.000000e+000, 1.099973e+000
1.200000000000000e+000, 1.200000e+000, 0.000000e+000, 1.199972e+000
1.300000000000000e+000, 1.300000e+000, 0.000000e+000, 1.299971e+000
1.400000000000000e+000, 1.400000e+000, 0.000000e+000, 1.399970e+000
1.500000000000000e+000, 1.500000e+000, 0.000000e+000, 1.499969e+000
1.600000000000000e+000, 1.600000e+000, 0.000000e+000, 1.599968e+000
1.700000000000000e+000, 1.700000e+000, 0.000000e+000, 1.699967e+000
1.800000000000001e+000, 1.800000e+000, 0.000000e+000, 1.799966e+000
1.900000000000001e+000, 1.900000e+000, 0.000000e+000, 1.899965e+000
2.000000000000000e+000, 2.000000e+000, 0.000000e+000, 1.999964e+000
2.100000000000001e+000, 2.100000e+000, 0.000000e+000, 2.099963e+000
2.200000000000001e+000, 2.200000e+000, 0.000000e+000, 2.199962e+000
2.300000000000001e+000, 2.300000e+000, 0.000000e+000, 2.299961e+000
2.400000000000001e+000, 2.400000e+000, 0.000000e+000, 2.399960e+000
2.500000000000001e+000, 2.500000e+000, 0.000000e+000, 2.499959e+000
2.600000000000001e+000, 2.600000e+000, 0.000000e+000, 2.599958e+000
2.700000000000001e+000, 2.700000e+000, 0.000000e+000, 2.699957e+000
2.800000000000001e+000, 2.800000e+000, 0.000000e+000, 2.799956e+000
2.900000000000001e+000, 2.900000e+000, 0.000000e+000, 2.899955e+000
3.000000000000001e+000, 3.000000e+000, 0.000000e+000, 2.999954e+000
3.100000000000001e+000, 3.100000e+000, 0.000000e+000, 3.099953e+000
3.200000000000002e+000, 3.200000e+000, 0.000000e+000, 3.199952e+000
3.300000000000002e+000, 3.300000e+000, 0.000000e+000, 3.299951e+000
3.400000000000002e+000, 3.400000e+000, 0.000000e+000, 3.399950e+000
3.500000000000002e+000, 3.500000e+000, 0.000000e+000, 3.499949e+000
3.600000000000002e+000, 3.600000e+000, 0.000000e+000, 3.599948e+000
3.700000000000002e+000, 3.700000e+000, 0.000000e+000, 3.699947e+000
3.800000000000002e+000, 3.800000e+000, 0.000000e+000, 3.799946e+000
3.900000000000002e+000, 3.900000e+000, 0.000000e+000, 3.899945e+000
4.000000000000002e+000, 4.000000e+000, 0.000000e+000, 3.999944e+000
4.100000000000001e+000, 4.100000e+000, 0.000000e+000, 4.099943e+000
4.200000000000001e+000, 4.200000e+000, 0.000000e+000, 4.199942e+000
4.300000000000001e+000, 4.300000e+000, 0.000000e+000, 4.299941e+000
4.400000000000000e+000, 4.400000e+000, 0.000000e+000, 4.399940e+000
4.500000000000000e+000, 4.500000e+000, 0.000000e+000, 4.499938e+000
4.600000000000000e+000, 4.600000e+000, 0.000000e+000, 4.599937e+000
4.699999999999999e+000, 4.700000e+000, 0.000000e+000, 4.699936e+000
4.799999999999999e+000, 4.800000e+000, 0.000000e+000, 4.799935e+000
4.899999999999999e+000, 4.900000e+000, 0.000000e+000, 4.899935e+000
5.000000000000000e+000, 5.000000e+000, 0.000000e+000, 4.999934e+000
Step Information: V1=.500  (Run: 2/11)
0.000000000000000e+000, 0.000000e+000, 5.000000e-001, 4.999799e-001
1.000000000000000e-001, 1.000000e-001, 5.000000e-001, 5.098765e-001
2.000000000000000e-001, 2.000000e-001, 5.000000e-001, 5.384386e-001
3.000000000000000e-001, 3.000000e-001, 5.000000e-001, 5.827823e-001
4.000000000000000e-001, 4.000000e-001, 5.000000e-001, 6.402682e-001
5.000000000000000e-001, 5.000000e-001, 5.000000e-001, 7.070762e-001
6.000000000000000e-001, 6.000000e-001, 5.000000e-001, 7.806022e-001
7.000000000000000e-001, 7.000000e-001, 5.000000e-001, 8.599769e-001
7.999999999999999e-001, 8.000000e-001, 5.000000e-001, 9.432736e-001
8.999999999999999e-001, 9.000000e-001, 5.000000e-001, 1.029483e+000
9.999999999999999e-001, 1.000000e+000, 5.000000e-001, 1.117974e+000
1.100000000000000e+000, 1.100000e+000, 5.000000e-001, 1.208256e+000
1.200000000000000e+000, 1.200000e+000, 5.000000e-001, 1.299957e+000
1.300000000000000e+000, 1.300000e+000, 5.000000e-001, 1.392799e+000
1.400000000000000e+000, 1.400000e+000, 5.000000e-001, 1.486568e+000
1.500000000000000e+000, 1.500000e+000, 5.000000e-001, 1.581100e+000
1.600000000000000e+000, 1.600000e+000, 5.000000e-001, 1.676267e+000
1.700000000000000e+000, 1.700000e+000, 5.000000e-001, 1.771966e+000
1.800000000000001e+000, 1.800000e+000, 5.000000e-001, 1.868115e+000
1.900000000000001e+000, 1.900000e+000, 5.000000e-001, 1.964649e+000
2.000000000000000e+000, 2.000000e+000, 5.000000e-001, 2.061512e+000
2.100000000000001e+000, 2.100000e+000, 5.000000e-001, 2.158662e+000
2.200000000000001e+000, 2.200000e+000, 5.000000e-001, 2.256061e+000
2.300000000000001e+000, 2.300000e+000, 5.000000e-001, 2.353678e+000
2.400000000000001e+000, 2.400000e+000, 5.000000e-001, 2.451487e+000
2.500000000000001e+000, 2.500000e+000, 5.000000e-001, 2.549465e+000
2.600000000000001e+000, 2.600000e+000, 5.000000e-001, 2.647595e+000
2.700000000000001e+000, 2.700000e+000, 5.000000e-001, 2.745860e+000
2.800000000000001e+000, 2.800000e+000, 5.000000e-001, 2.844245e+000
2.900000000000001e+000, 2.900000e+000, 5.000000e-001, 2.942740e+000
3.000000000000001e+000, 3.000000e+000, 5.000000e-001, 3.041332e+000
3.100000000000001e+000, 3.100000e+000, 5.000000e-001, 3.140014e+000
3.200000000000002e+000, 3.200000e+000, 5.000000e-001, 3.238776e+000
3.300000000000002e+000, 3.300000e+000, 5.000000e-001, 3.337612e+000
3.400000000000002e+000, 3.400000e+000, 5.000000e-001, 3.436515e+000
3.500000000000002e+000, 3.500000e+000, 5.000000e-001, 3.535480e+000
3.600000000000002e+000, 3.600000e+000, 5.000000e-001, 3.634502e+000
3.700000000000002e+000, 3.700000e+000, 5.000000e-001, 3.733575e+000
3.800000000000002e+000, 3.800000e+000, 5.000000e-001, 3.832697e+000
3.900000000000002e+000, 3.900000e+000, 5.000000e-001, 3.931863e+000
4.000000000000002e+000, 4.000000e+000, 5.000000e-001, 4.031071e+000
4.100000000000001e+000, 4.100000e+000, 5.000000e-001, 4.130316e+000
4.200000000000001e+000, 4.200000e+000, 5.000000e-001, 4.229597e+000
4.300000000000001e+000, 4.300000e+000, 5.000000e-001, 4.328911e+000
4.400000000000000e+000, 4.400000e+000, 5.000000e-001, 4.428256e+000
4.500000000000000e+000, 4.500000e+000, 5.000000e-001, 4.527629e+000
4.600000000000000e+000, 4.600000e+000, 5.000000e-001, 4.627030e+000
4.699999999999999e+000, 4.700000e+000, 5.000000e-001, 4.726456e+000
4.799999999999999e+000, 4.800000e+000, 5.000000e-001, 4.825905e+000
4.899999999999999e+000, 4.900000e+000, 5.000000e-001, 4.925377e+000
5.000000000000000e+000, 5.000000e+000, 5.000000e-001, 5.024869e+000
Step Information: V1=1  (Run: 3/11)
0.000000000000000e+000, 0.000000e+000, 1.000000e+000, 9.999745e-001
1.000000000000000e-001, 1.000000e-001, 1.000000e+000, 1.004960e+000
2.000000000000000e-001, 2.000000e-001, 1.000000e+000, 1.019756e+000
3.000000000000000e-001, 3.000000e-001, 1.000000e+000, 1.043909e+000
4.000000000000000e-001, 4.000000e-001, 1.000000e+000, 1.076997e+000
5.000000000000000e-001, 5.000000e-001, 1.000000e+000, 1.117408e+000
6.000000000000000e-001, 6.000000e-001, 1.000000e+000, 1.165734e+000
7.000000000000000e-001, 7.000000e-001, 1.000000e+000, 1.220410e+000
7.999999999999999e-001, 8.000000e-001, 1.000000e+000, 1.280458e+000
8.999999999999999e-001, 9.000000e-001, 1.000000e+000, 1.345237e+000
9.999999999999999e-001, 1.000000e+000, 1.000000e+000, 1.414116e+000
1.100000000000000e+000, 1.100000e+000, 1.000000e+000, 1.486528e+000
1.200000000000000e+000, 1.200000e+000, 1.000000e+000, 1.561983e+000
1.300000000000000e+000, 1.300000e+000, 1.000000e+000, 1.640063e+000
1.400000000000000e+000, 1.400000e+000, 1.000000e+000, 1.720412e+000
1.500000000000000e+000, 1.500000e+000, 1.000000e+000, 1.802725e+000
1.600000000000000e+000, 1.600000e+000, 1.000000e+000, 1.886748e+000
1.700000000000000e+000, 1.700000e+000, 1.000000e+000, 1.972261e+000
1.800000000000001e+000, 1.800000e+000, 1.000000e+000, 2.059080e+000
1.900000000000001e+000, 1.900000e+000, 1.000000e+000, 2.147045e+000
2.000000000000000e+000, 2.000000e+000, 1.000000e+000, 2.236022e+000
2.100000000000001e+000, 2.100000e+000, 1.000000e+000, 2.325894e+000
2.200000000000001e+000, 2.200000e+000, 1.000000e+000, 2.416563e+000
2.300000000000001e+000, 2.300000e+000, 1.000000e+000, 2.507940e+000
2.400000000000001e+000, 2.400000e+000, 1.000000e+000, 2.599952e+000
2.500000000000001e+000, 2.500000e+000, 1.000000e+000, 2.692534e+000
2.600000000000001e+000, 2.600000e+000, 1.000000e+000, 2.785629e+000
2.700000000000001e+000, 2.700000e+000, 1.000000e+000, 2.879186e+000
2.800000000000001e+000, 2.800000e+000, 1.000000e+000, 2.973163e+000
2.900000000000001e+000, 2.900000e+000, 1.000000e+000, 3.067521e+000
3.000000000000001e+000, 3.000000e+000, 1.000000e+000, 3.162225e+000
3.100000000000001e+000, 3.100000e+000, 1.000000e+000, 3.257246e+000
3.200000000000002e+000, 3.200000e+000, 1.000000e+000, 3.352557e+000
3.300000000000002e+000, 3.300000e+000, 1.000000e+000, 3.448133e+000
3.400000000000002e+000, 3.400000e+000, 1.000000e+000, 3.543953e+000
3.500000000000002e+000, 3.500000e+000, 1.000000e+000, 3.639998e+000
3.600000000000002e+000, 3.600000e+000, 1.000000e+000, 3.736251e+000
3.700000000000002e+000, 3.700000e+000, 1.000000e+000, 3.832695e+000
3.800000000000002e+000, 3.800000e+000, 1.000000e+000, 3.929317e+000
3.900000000000002e+000, 3.900000e+000, 1.000000e+000, 4.026104e+000
4.000000000000002e+000, 4.000000e+000, 1.000000e+000, 4.123045e+000
4.100000000000001e+000, 4.100000e+000, 1.000000e+000, 4.220128e+000
4.200000000000001e+000, 4.200000e+000, 1.000000e+000, 4.317344e+000
4.300000000000001e+000, 4.300000e+000, 1.000000e+000, 4.414684e+000
4.400000000000000e+000, 4.400000e+000, 1.000000e+000, 4.512141e+000
4.500000000000000e+000, 4.500000e+000, 1.000000e+000, 4.609707e+000
4.600000000000000e+000, 4.600000e+000, 1.000000e+000, 4.707375e+000
4.699999999999999e+000, 4.700000e+000, 1.000000e+000, 4.805138e+000
4.799999999999999e+000, 4.800000e+000, 1.000000e+000, 4.902992e+000
4.899999999999999e+000, 4.900000e+000, 1.000000e+000, 5.000931e+000
5.000000000000000e+000, 5.000000e+000, 1.000000e+000, 5.098949e+000
Step Information: V1=1.5  (Run: 4/11)
0.000000000000000e+000, 0.000000e+000, 1.500000e+000, 1.499969e+000
1.000000000000000e-001, 1.000000e-001, 1.500000e+000, 1.503297e+000
2.000000000000000e-001, 2.000000e-001, 1.500000e+000, 1.513230e+000
3.000000000000000e-001, 3.000000e-001, 1.500000e+000, 1.529620e+000
4.000000000000000e-001, 4.000000e-001, 1.500000e+000, 1.552380e+000
5.000000000000000e-001, 5.000000e-001, 1.500000e+000, 1.580713e+000
6.000000000000000e-001, 6.000000e-001, 1.500000e+000, 1.615232e+000
7.000000000000000e-001, 7.000000e-001, 1.500000e+000, 1.655106e+000
7.999999999999999e-001, 8.000000e-001, 1.500000e+000, 1.699859e+000
8.999999999999999e-001, 9.000000e-001, 1.500000e+000, 1.749171e+000
9.999999999999999e-001, 1.000000e+000, 1.500000e+000, 1.802679e+000
1.100000000000000e+000, 1.100000e+000, 1.500000e+000, 1.860024e+000
1.200000000000000e+000, 1.200000e+000, 1.500000e+000, 1.920864e+000
1.300000000000000e+000, 1.300000e+000, 1.500000e+000, 1.984877e+000
1.400000000000000e+000, 1.400000e+000, 1.500000e+000, 2.051766e+000
1.500000000000000e+000, 1.500000e+000, 1.500000e+000, 2.121262e+000
1.600000000000000e+000, 1.600000e+000, 1.500000e+000, 2.193115e+000
1.700000000000000e+000, 1.700000e+000, 1.500000e+000, 2.267103e+000
1.800000000000001e+000, 1.800000e+000, 1.500000e+000, 2.343022e+000
1.900000000000001e+000, 1.900000e+000, 1.500000e+000, 2.420691e+000
2.000000000000000e+000, 2.000000e+000, 1.500000e+000, 2.499948e+000
2.100000000000001e+000, 2.100000e+000, 1.500000e+000, 2.580646e+000
2.200000000000001e+000, 2.200000e+000, 1.500000e+000, 2.662654e+000
2.300000000000001e+000, 2.300000e+000, 1.500000e+000, 2.745854e+000
2.400000000000001e+000, 2.400000e+000, 1.500000e+000, 2.830142e+000
2.500000000000001e+000, 2.500000e+000, 1.500000e+000, 2.915423e+000
2.600000000000001e+000, 2.600000e+000, 1.500000e+000, 3.001613e+000
2.700000000000001e+000, 2.700000e+000, 1.500000e+000, 3.088635e+000
2.800000000000001e+000, 2.800000e+000, 1.500000e+000, 3.176422e+000
2.900000000000001e+000, 2.900000e+000, 1.500000e+000, 3.264910e+000
3.000000000000001e+000, 3.000000e+000, 1.500000e+000, 3.354046e+000
3.100000000000001e+000, 3.100000e+000, 1.500000e+000, 3.443779e+000
3.200000000000002e+000, 3.200000e+000, 1.500000e+000, 3.534062e+000
3.300000000000002e+000, 3.300000e+000, 1.500000e+000, 3.624856e+000
3.400000000000002e+000, 3.400000e+000, 1.500000e+000, 3.716122e+000
3.500000000000002e+000, 3.500000e+000, 1.500000e+000, 3.807827e+000
3.600000000000002e+000, 3.600000e+000, 1.500000e+000, 3.899940e+000
3.700000000000002e+000, 3.700000e+000, 1.500000e+000, 3.992432e+000
3.800000000000002e+000, 3.800000e+000, 1.500000e+000, 4.085278e+000
3.900000000000002e+000, 3.900000e+000, 1.500000e+000, 4.178453e+000
4.000000000000002e+000, 4.000000e+000, 1.500000e+000, 4.271938e+000
4.100000000000001e+000, 4.100000e+000, 1.500000e+000, 4.365712e+000
4.200000000000001e+000, 4.200000e+000, 1.500000e+000, 4.459755e+000
4.300000000000001e+000, 4.300000e+000, 1.500000e+000, 4.554053e+000
4.400000000000000e+000, 4.400000e+000, 1.500000e+000, 4.648589e+000
4.500000000000000e+000, 4.500000e+000, 1.500000e+000, 4.743349e+000
4.600000000000000e+000, 4.600000e+000, 1.500000e+000, 4.838319e+000
4.699999999999999e+000, 4.700000e+000, 1.500000e+000, 4.933489e+000
4.799999999999999e+000, 4.800000e+000, 1.500000e+000, 5.028846e+000
4.899999999999999e+000, 4.900000e+000, 1.500000e+000, 5.124380e+000
5.000000000000000e+000, 5.000000e+000, 1.500000e+000, 5.220081e+000
Step Information: V1=2  (Run: 5/11)
0.000000000000000e+000, 0.000000e+000, 2.000000e+000, 1.999964e+000
1.000000000000000e-001, 1.000000e-001, 2.000000e+000, 2.002461e+000
2.000000000000000e-001, 2.000000e-001, 2.000000e+000, 2.009929e+000
3.000000000000000e-001, 3.000000e-001, 2.000000e+000, 2.022300e+000
4.000000000000000e-001, 4.000000e-001, 2.000000e+000, 2.039567e+000
5.000000000000000e-001, 5.000000e-001, 2.000000e+000, 2.061227e+000
6.000000000000000e-001, 6.000000e-001, 2.000000e+000, 2.087816e+000
7.000000000000000e-001, 7.000000e-001, 2.000000e+000, 2.118809e+000
7.999999999999999e-001, 8.000000e-001, 2.000000e+000, 2.153947e+000
8.999999999999999e-001, 9.000000e-001, 2.000000e+000, 2.193070e+000
9.999999999999999e-001, 1.000000e+000, 2.000000e+000, 2.235979e+000
1.100000000000000e+000, 1.100000e+000, 2.000000e+000, 2.282463e+000
1.200000000000000e+000, 1.200000e+000, 2.000000e+000, 2.332308e+000
1.300000000000000e+000, 1.300000e+000, 2.000000e+000, 2.385304e+000
1.400000000000000e+000, 1.400000e+000, 2.000000e+000, 2.441246e+000
1.500000000000000e+000, 1.500000e+000, 2.000000e+000, 2.499938e+000
1.600000000000000e+000, 1.600000e+000, 2.000000e+000, 2.561190e+000
1.700000000000000e+000, 1.700000e+000, 2.000000e+000, 2.624822e+000
1.800000000000001e+000, 1.800000e+000, 2.000000e+000, 2.690667e+000
1.900000000000001e+000, 1.900000e+000, 2.000000e+000, 2.758566e+000
2.000000000000000e+000, 2.000000e+000, 2.000000e+000, 2.828371e+000
2.100000000000001e+000, 2.100000e+000, 2.000000e+000, 2.899944e+000
2.200000000000001e+000, 2.200000e+000, 2.000000e+000, 2.973157e+000
2.300000000000001e+000, 2.300000e+000, 2.000000e+000, 3.047894e+000
2.400000000000001e+000, 2.400000e+000, 2.000000e+000, 3.124043e+000
2.500000000000001e+000, 2.500000e+000, 2.000000e+000, 3.201505e+000
2.600000000000001e+000, 2.600000e+000, 2.000000e+000, 3.280187e+000
2.700000000000001e+000, 2.700000e+000, 2.000000e+000, 3.360002e+000
2.800000000000001e+000, 2.800000e+000, 2.000000e+000, 3.440872e+000
2.900000000000001e+000, 2.900000e+000, 2.000000e+000, 3.522724e+000
3.000000000000001e+000, 3.000000e+000, 2.000000e+000, 3.605492e+000
3.100000000000001e+000, 3.100000e+000, 2.000000e+000, 3.689113e+000
3.200000000000002e+000, 3.200000e+000, 2.000000e+000, 3.773532e+000
3.300000000000002e+000, 3.300000e+000, 2.000000e+000, 3.858695e+000
3.400000000000002e+000, 3.400000e+000, 2.000000e+000, 3.944555e+000
3.500000000000002e+000, 3.500000e+000, 2.000000e+000, 4.031066e+000
3.600000000000002e+000, 3.600000e+000, 2.000000e+000, 4.118188e+000
3.700000000000002e+000, 3.700000e+000, 2.000000e+000, 4.205884e+000
3.800000000000002e+000, 3.800000e+000, 2.000000e+000, 4.294117e+000
3.900000000000002e+000, 3.900000e+000, 2.000000e+000, 4.382855e+000
4.000000000000002e+000, 4.000000e+000, 2.000000e+000, 4.472069e+000
4.100000000000001e+000, 4.100000e+000, 2.000000e+000, 4.561730e+000
4.200000000000001e+000, 4.200000e+000, 2.000000e+000, 4.651813e+000
4.300000000000001e+000, 4.300000e+000, 2.000000e+000, 4.742293e+000
4.400000000000000e+000, 4.400000e+000, 2.000000e+000, 4.833148e+000
4.500000000000000e+000, 4.500000e+000, 2.000000e+000, 4.924358e+000
4.600000000000000e+000, 4.600000e+000, 2.000000e+000, 5.015903e+000
4.699999999999999e+000, 4.700000e+000, 2.000000e+000, 5.107765e+000
4.799999999999999e+000, 4.800000e+000, 2.000000e+000, 5.199926e+000
4.899999999999999e+000, 4.900000e+000, 2.000000e+000, 5.292373e+000
5.000000000000000e+000, 5.000000e+000, 2.000000e+000, 5.385090e+000
Step Information: V1=2.5  (Run: 6/11)
0.000000000000000e+000, 0.000000e+000, 2.500000e+000, 2.499959e+000
1.000000000000000e-001, 1.000000e-001, 2.500000e+000, 2.501957e+000
2.000000000000000e-001, 2.000000e-001, 2.500000e+000, 2.507938e+000
3.000000000000000e-001, 3.000000e-001, 2.500000e+000, 2.517864e+000
4.000000000000000e-001, 4.000000e-001, 2.500000e+000, 2.531753e+000
5.000000000000000e-001, 5.000000e-001, 2.500000e+000, 2.549240e+000
6.000000000000000e-001, 6.000000e-001, 2.500000e+000, 2.570787e+000
7.000000000000000e-001, 7.000000e-001, 2.500000e+000, 2.596019e+000
7.999999999999999e-001, 8.000000e-001, 2.500000e+000, 2.624774e+000
8.999999999999999e-001, 9.000000e-001, 2.500000e+000, 2.656973e+000
9.999999999999999e-001, 1.000000e+000, 2.500000e+000, 2.692499e+000
1.100000000000000e+000, 1.100000e+000, 2.500000e+000, 2.731223e+000
1.200000000000000e+000, 1.200000e+000, 2.500000e+000, 2.773013e+000
1.300000000000000e+000, 1.300000e+000, 2.500000e+000, 2.817732e+000
1.400000000000000e+000, 1.400000e+000, 2.500000e+000, 2.865243e+000
1.500000000000000e+000, 1.500000e+000, 2.500000e+000, 2.915412e+000
1.600000000000000e+000, 1.600000e+000, 2.500000e+000, 2.968102e+000
1.700000000000000e+000, 1.700000e+000, 2.500000e+000, 3.023181e+000
1.800000000000001e+000, 1.800000e+000, 2.500000e+000, 3.080523e+000
1.900000000000001e+000, 1.900000e+000, 2.500000e+000, 3.140003e+000
2.000000000000000e+000, 2.000000e+000, 2.500000e+000, 3.201502e+000
2.100000000000001e+000, 2.100000e+000, 2.500000e+000, 3.264905e+000
2.200000000000001e+000, 2.200000e+000, 2.500000e+000, 3.330105e+000
2.300000000000001e+000, 2.300000e+000, 2.500000e+000, 3.396997e+000
2.400000000000001e+000, 2.400000e+000, 2.500000e+000, 3.465484e+000
2.500000000000001e+000, 2.500000e+000, 2.500000e+000, 3.535473e+000
2.600000000000001e+000, 2.600000e+000, 2.500000e+000, 3.606877e+000
2.700000000000001e+000, 2.700000e+000, 2.500000e+000, 3.679612e+000
2.800000000000001e+000, 2.800000e+000, 2.500000e+000, 3.753603e+000
2.900000000000001e+000, 2.900000e+000, 2.500000e+000, 3.828775e+000
3.000000000000001e+000, 3.000000e+000, 2.500000e+000, 3.905062e+000
3.100000000000001e+000, 3.100000e+000, 2.500000e+000, 3.982398e+000
3.200000000000002e+000, 3.200000e+000, 2.500000e+000, 4.060724e+000
3.300000000000002e+000, 3.300000e+000, 2.500000e+000, 4.139983e+000
3.400000000000002e+000, 3.400000e+000, 2.500000e+000, 4.220124e+000
3.500000000000002e+000, 3.500000e+000, 2.500000e+000, 4.301096e+000
3.600000000000002e+000, 3.600000e+000, 2.500000e+000, 4.382854e+000
3.700000000000002e+000, 3.700000e+000, 2.500000e+000, 4.465355e+000
3.800000000000002e+000, 3.800000e+000, 2.500000e+000, 4.548558e+000
3.900000000000002e+000, 3.900000e+000, 2.500000e+000, 4.632425e+000
4.000000000000002e+000, 4.000000e+000, 2.500000e+000, 4.716921e+000
4.100000000000001e+000, 4.100000e+000, 2.500000e+000, 4.802012e+000
4.200000000000001e+000, 4.200000e+000, 2.500000e+000, 4.887668e+000
4.300000000000001e+000, 4.300000e+000, 2.500000e+000, 4.973860e+000
4.400000000000000e+000, 4.400000e+000, 2.500000e+000, 5.060559e+000
4.500000000000000e+000, 4.500000e+000, 2.500000e+000, 5.147741e+000
4.600000000000000e+000, 4.600000e+000, 2.500000e+000, 5.235382e+000
4.699999999999999e+000, 4.700000e+000, 2.500000e+000, 5.323457e+000
4.799999999999999e+000, 4.800000e+000, 2.500000e+000, 5.411947e+000
4.899999999999999e+000, 4.900000e+000, 2.500000e+000, 5.500832e+000
5.000000000000000e+000, 5.000000e+000, 2.500000e+000, 5.590092e+000
Step Information: V1=3  (Run: 7/11)
0.000000000000000e+000, 0.000000e+000, 3.000000e+000, 2.999954e+000
1.000000000000000e-001, 1.000000e-001, 3.000000e+000, 3.001619e+000
2.000000000000000e-001, 2.000000e-001, 3.000000e+000, 3.006606e+000
3.000000000000000e-001, 3.000000e-001, 3.000000e+000, 3.014892e+000
4.000000000000000e-001, 4.000000e-001, 3.000000e+000, 3.026500e+000
5.000000000000000e-001, 5.000000e-001, 3.000000e+000, 3.041147e+000
6.000000000000000e-001, 6.000000e-001, 3.000000e+000, 3.059231e+000
7.000000000000000e-001, 7.000000e-001, 3.000000e+000, 3.080463e+000
7.999999999999999e-001, 8.000000e-001, 3.000000e+000, 3.104735e+000
8.999999999999999e-001, 9.000000e-001, 3.000000e+000, 3.132003e+000
9.999999999999999e-001, 1.000000e+000, 3.000000e+000, 3.162196e+000
1.100000000000000e+000, 1.100000e+000, 3.000000e+000, 3.195233e+000
1.200000000000000e+000, 1.200000e+000, 3.000000e+000, 3.231026e+000
1.300000000000000e+000, 1.300000e+000, 3.000000e+000, 3.269487e+000
1.400000000000000e+000, 1.400000e+000, 3.000000e+000, 3.310521e+000
1.500000000000000e+000, 1.500000e+000, 3.000000e+000, 3.354035e+000
1.600000000000000e+000, 1.600000e+000, 3.000000e+000, 3.399935e+000
1.700000000000000e+000, 1.700000e+000, 3.000000e+000, 3.448123e+000
1.800000000000001e+000, 1.800000e+000, 3.000000e+000, 3.498507e+000
1.900000000000001e+000, 1.900000e+000, 3.000000e+000, 3.550992e+000
2.000000000000000e+000, 2.000000e+000, 3.000000e+000, 3.605487e+000
2.100000000000001e+000, 2.100000e+000, 3.000000e+000, 3.661903e+000
2.200000000000001e+000, 2.200000e+000, 3.000000e+000, 3.720151e+000
2.300000000000001e+000, 2.300000e+000, 3.000000e+000, 3.780148e+000
2.400000000000001e+000, 2.400000e+000, 3.000000e+000, 3.841810e+000
2.500000000000001e+000, 2.500000e+000, 3.000000e+000, 3.905060e+000
2.600000000000001e+000, 2.600000e+000, 3.000000e+000, 3.969822e+000
2.700000000000001e+000, 2.700000e+000, 3.000000e+000, 4.036022e+000
2.800000000000001e+000, 2.800000e+000, 3.000000e+000, 4.103591e+000
2.900000000000001e+000, 2.900000e+000, 3.000000e+000, 4.172463e+000
3.000000000000001e+000, 3.000000e+000, 3.000000e+000, 4.242574e+000
3.100000000000001e+000, 3.100000e+000, 3.000000e+000, 4.313864e+000
3.200000000000002e+000, 3.200000e+000, 3.000000e+000, 4.386274e+000
3.300000000000002e+000, 3.300000e+000, 3.000000e+000, 4.459752e+000
3.400000000000002e+000, 3.400000e+000, 3.000000e+000, 4.534245e+000
3.500000000000002e+000, 3.500000e+000, 3.000000e+000, 4.609703e+000
3.600000000000002e+000, 3.600000e+000, 3.000000e+000, 4.686080e+000
3.700000000000002e+000, 3.700000e+000, 3.000000e+000, 4.763331e+000
3.800000000000002e+000, 3.800000e+000, 3.000000e+000, 4.841415e+000
3.900000000000002e+000, 3.900000e+000, 3.000000e+000, 4.920293e+000
4.000000000000002e+000, 4.000000e+000, 3.000000e+000, 4.999927e+000
4.100000000000001e+000, 4.100000e+000, 3.000000e+000, 5.080280e+000
4.200000000000001e+000, 4.200000e+000, 3.000000e+000, 5.161321e+000
4.300000000000001e+000, 4.300000e+000, 3.000000e+000, 5.243015e+000
4.400000000000000e+000, 4.400000e+000, 3.000000e+000, 5.325335e+000
4.500000000000000e+000, 4.500000e+000, 3.000000e+000, 5.408250e+000
4.600000000000000e+000, 4.600000e+000, 3.000000e+000, 5.491735e+000
4.699999999999999e+000, 4.700000e+000, 3.000000e+000, 5.575762e+000
4.799999999999999e+000, 4.800000e+000, 3.000000e+000, 5.660309e+000
4.899999999999999e+000, 4.900000e+000, 3.000000e+000, 5.745353e+000
5.000000000000000e+000, 5.000000e+000, 3.000000e+000, 5.830871e+000
Step Information: V1=3.5  (Run: 8/11)
0.000000000000000e+000, 0.000000e+000, 3.500000e+000, 3.499949e+000
1.000000000000000e-001, 1.000000e-001, 3.500000e+000, 3.501376e+000
2.000000000000000e-001, 2.000000e-001, 3.500000e+000, 3.505653e+000
3.000000000000000e-001, 3.000000e-001, 3.500000e+000, 3.512761e+000
4.000000000000000e-001, 4.000000e-001, 3.500000e+000, 3.522729e+000
5.000000000000000e-001, 5.000000e-001, 3.500000e+000, 3.535322e+000
6.000000000000000e-001, 6.000000e-001, 3.500000e+000, 3.550890e+000
7.000000000000000e-001, 7.000000e-001, 3.500000e+000, 3.569199e+000
7.999999999999999e-001, 8.000000e-001, 3.500000e+000, 3.590168e+000
8.999999999999999e-001, 9.000000e-001, 3.500000e+000, 3.613775e+000
9.999999999999999e-001, 1.000000e+000, 3.500000e+000, 3.639974e+000
1.100000000000000e+000, 1.100000e+000, 3.500000e+000, 3.668710e+000
1.200000000000000e+000, 1.200000e+000, 3.500000e+000, 3.699926e+000
1.300000000000000e+000, 1.300000e+000, 3.500000e+000, 3.733559e+000
1.400000000000000e+000, 1.400000e+000, 3.500000e+000, 3.769545e+000
1.500000000000000e+000, 1.500000e+000, 3.500000e+000, 3.807817e+000
1.600000000000000e+000, 1.600000e+000, 3.500000e+000, 3.848308e+000
1.700000000000000e+000, 1.700000e+000, 3.500000e+000, 3.890948e+000
1.800000000000001e+000, 1.800000e+000, 3.500000e+000, 3.935666e+000
1.900000000000001e+000, 1.900000e+000, 3.500000e+000, 3.982394e+000
2.000000000000000e+000, 2.000000e+000, 3.500000e+000, 4.031062e+000
2.100000000000001e+000, 2.100000e+000, 3.500000e+000, 4.081599e+000
2.200000000000001e+000, 2.200000e+000, 3.500000e+000, 4.133938e+000
2.300000000000001e+000, 2.300000e+000, 3.500000e+000, 4.188011e+000
2.400000000000001e+000, 2.400000e+000, 3.500000e+000, 4.243751e+000
2.500000000000001e+000, 2.500000e+000, 3.500000e+000, 4.301095e+000
2.600000000000001e+000, 2.600000e+000, 3.500000e+000, 4.359977e+000
2.700000000000001e+000, 2.700000e+000, 3.500000e+000, 4.420338e+000
2.800000000000001e+000, 2.800000e+000, 3.500000e+000, 4.482118e+000
2.900000000000001e+000, 2.900000e+000, 3.500000e+000, 4.545257e+000
3.000000000000001e+000, 3.000000e+000, 3.500000e+000, 4.609702e+000
3.100000000000001e+000, 3.100000e+000, 3.500000e+000, 4.675397e+000
3.200000000000002e+000, 3.200000e+000, 3.500000e+000, 4.742290e+000
3.300000000000002e+000, 3.300000e+000, 3.500000e+000, 4.810333e+000
3.400000000000002e+000, 3.400000e+000, 3.500000e+000, 4.879477e+000
3.500000000000002e+000, 3.500000e+000, 3.500000e+000, 4.949674e+000
3.600000000000002e+000, 3.600000e+000, 3.500000e+000, 5.020882e+000
3.700000000000002e+000, 3.700000e+000, 3.500000e+000, 5.093058e+000
3.800000000000002e+000, 3.800000e+000, 3.500000e+000, 5.166161e+000
3.900000000000002e+000, 3.900000e+000, 3.500000e+000, 5.240153e+000
4.000000000000002e+000, 4.000000e+000, 3.500000e+000, 5.314996e+000
4.100000000000001e+000, 4.100000e+000, 3.500000e+000, 5.390656e+000
4.200000000000001e+000, 4.200000e+000, 3.500000e+000, 5.467097e+000
4.300000000000001e+000, 4.300000e+000, 3.500000e+000, 5.544288e+000
4.400000000000000e+000, 4.400000e+000, 3.500000e+000, 5.622198e+000
4.500000000000000e+000, 4.500000e+000, 3.500000e+000, 5.700797e+000
4.600000000000000e+000, 4.600000e+000, 3.500000e+000, 5.780057e+000
4.699999999999999e+000, 4.700000e+000, 3.500000e+000, 5.859952e+000
4.799999999999999e+000, 4.800000e+000, 3.500000e+000, 5.940456e+000
4.899999999999999e+000, 4.900000e+000, 3.500000e+000, 6.021544e+000
5.000000000000000e+000, 5.000000e+000, 3.500000e+000, 6.103194e+000
Step Information: V1=4  (Run: 9/11)
0.000000000000000e+000, 0.000000e+000, 4.000000e+000, 3.999944e+000
1.000000000000000e-001, 1.000000e-001, 4.000000e+000, 4.001193e+000
2.000000000000000e-001, 2.000000e-001, 4.000000e+000, 4.004936e+000
3.000000000000000e-001, 3.000000e-001, 4.000000e+000, 4.011159e+000
4.000000000000000e-001, 4.000000e-001, 4.000000e+000, 4.019891e+000
5.000000000000000e-001, 5.000000e-001, 4.000000e+000, 4.030932e+000
6.000000000000000e-001, 6.000000e-001, 4.000000e+000, 4.044594e+000
7.000000000000000e-001, 7.000000e-001, 4.000000e+000, 4.060677e+000
7.999999999999999e-001, 8.000000e-001, 4.000000e+000, 4.079120e+000
8.999999999999999e-001, 9.000000e-001, 4.000000e+000, 4.099912e+000
9.999999999999999e-001, 1.000000e+000, 4.000000e+000, 4.123024e+000
1.100000000000000e+000, 1.100000e+000, 4.000000e+000, 4.148415e+000
1.200000000000000e+000, 1.200000e+000, 4.000000e+000, 4.176047e+000
1.300000000000000e+000, 1.300000e+000, 4.000000e+000, 4.205874e+000
1.400000000000000e+000, 1.400000e+000, 4.000000e+000, 4.237851e+000
1.500000000000000e+000, 1.500000e+000, 4.000000e+000, 4.271930e+000
1.600000000000000e+000, 1.600000e+000, 4.000000e+000, 4.308060e+000
1.700000000000000e+000, 1.700000e+000, 4.000000e+000, 4.346191e+000
1.800000000000001e+000, 1.800000e+000, 4.000000e+000, 4.386271e+000
1.900000000000001e+000, 1.900000e+000, 4.000000e+000, 4.428247e+000
2.000000000000000e+000, 2.000000e+000, 4.000000e+000, 4.472065e+000
2.100000000000001e+000, 2.100000e+000, 4.000000e+000, 4.517672e+000
2.200000000000001e+000, 2.200000e+000, 4.000000e+000, 4.565014e+000
2.300000000000001e+000, 2.300000e+000, 4.000000e+000, 4.614038e+000
2.400000000000001e+000, 2.400000e+000, 4.000000e+000, 4.664690e+000
2.500000000000001e+000, 2.500000e+000, 4.000000e+000, 4.716918e+000
2.600000000000001e+000, 2.600000e+000, 4.000000e+000, 4.770672e+000
2.700000000000001e+000, 2.700000e+000, 4.000000e+000, 4.825899e+000
2.800000000000001e+000, 2.800000e+000, 4.000000e+000, 4.882549e+000
2.900000000000001e+000, 2.900000e+000, 4.000000e+000, 4.940574e+000
3.000000000000001e+000, 3.000000e+000, 4.000000e+000, 4.999926e+000
3.100000000000001e+000, 3.100000e+000, 4.000000e+000, 5.060557e+000
3.200000000000002e+000, 3.200000e+000, 4.000000e+000, 5.122424e+000
3.300000000000002e+000, 3.300000e+000, 4.000000e+000, 5.185481e+000
3.400000000000002e+000, 3.400000e+000, 4.000000e+000, 5.249685e+000
3.500000000000002e+000, 3.500000e+000, 4.000000e+000, 5.314996e+000
3.600000000000002e+000, 3.600000e+000, 4.000000e+000, 5.381372e+000
3.700000000000002e+000, 3.700000e+000, 4.000000e+000, 5.448775e+000
3.800000000000002e+000, 3.800000e+000, 4.000000e+000, 5.517167e+000
3.900000000000002e+000, 3.900000e+000, 4.000000e+000, 5.586512e+000
4.000000000000002e+000, 4.000000e+000, 4.000000e+000, 5.656774e+000
4.100000000000001e+000, 4.100000e+000, 4.000000e+000, 5.727921e+000
4.200000000000001e+000, 4.200000e+000, 4.000000e+000, 5.799918e+000
4.300000000000001e+000, 4.300000e+000, 4.000000e+000, 5.872736e+000
4.400000000000000e+000, 4.400000e+000, 4.000000e+000, 5.946344e+000
4.500000000000000e+000, 4.500000e+000, 4.000000e+000, 6.020714e+000
4.600000000000000e+000, 4.600000e+000, 4.000000e+000, 6.095816e+000
4.699999999999999e+000, 4.700000e+000, 4.000000e+000, 6.171625e+000
4.799999999999999e+000, 4.800000e+000, 4.000000e+000, 6.248114e+000
4.899999999999999e+000, 4.900000e+000, 4.000000e+000, 6.325259e+000
5.000000000000000e+000, 5.000000e+000, 4.000000e+000, 6.403037e+000
Step Information: V1=4.5  (Run: 10/11)
0.000000000000000e+000, 0.000000e+000, 4.500000e+000, 4.499938e+000
1.000000000000000e-001, 1.000000e-001, 4.500000e+000, 4.501049e+000
2.000000000000000e-001, 2.000000e-001, 4.500000e+000, 4.504376e+000
3.000000000000000e-001, 3.000000e-001, 4.500000e+000, 4.509911e+000
4.000000000000000e-001, 4.000000e-001, 4.500000e+000, 4.517679e+000
5.000000000000000e-001, 5.000000e-001, 4.500000e+000, 4.527507e+000
6.000000000000000e-001, 6.000000e-001, 4.500000e+000, 4.539674e+000
7.000000000000000e-001, 7.000000e-001, 4.500000e+000, 4.554009e+000
7.999999999999999e-001, 8.000000e-001, 4.500000e+000, 4.570462e+000
8.999999999999999e-001, 9.000000e-001, 4.500000e+000, 4.589028e+000
9.999999999999999e-001, 1.000000e+000, 4.500000e+000, 4.609688e+000
1.100000000000000e+000, 1.100000e+000, 4.500000e+000, 4.632413e+000
1.200000000000000e+000, 1.200000e+000, 4.500000e+000, 4.657174e+000
1.300000000000000e+000, 1.300000e+000, 4.500000e+000, 4.683938e+000
1.400000000000000e+000, 1.400000e+000, 4.500000e+000, 4.712673e+000
1.500000000000000e+000, 1.500000e+000, 4.500000e+000, 4.743341e+000
1.600000000000000e+000, 1.600000e+000, 4.500000e+000, 4.775907e+000
1.700000000000000e+000, 1.700000e+000, 4.500000e+000, 4.810331e+000
1.800000000000001e+000, 1.800000e+000, 4.500000e+000, 4.846574e+000
1.900000000000001e+000, 1.900000e+000, 4.500000e+000, 4.884595e+000
2.000000000000000e+000, 2.000000e+000, 4.500000e+000, 4.924354e+000
2.100000000000001e+000, 2.100000e+000, 4.500000e+000, 4.965809e+000
2.200000000000001e+000, 2.200000e+000, 4.500000e+000, 5.008917e+000
2.300000000000001e+000, 2.300000e+000, 4.500000e+000, 5.053636e+000
2.400000000000001e+000, 2.400000e+000, 4.500000e+000, 5.099925e+000
2.500000000000001e+000, 2.500000e+000, 4.500000e+000, 5.147739e+000
2.600000000000001e+000, 2.600000e+000, 4.500000e+000, 5.197038e+000
2.700000000000001e+000, 2.700000e+000, 4.500000e+000, 5.247780e+000
2.800000000000001e+000, 2.800000e+000, 4.500000e+000, 5.299923e+000
2.900000000000001e+000, 2.900000e+000, 4.500000e+000, 5.353426e+000
3.000000000000001e+000, 3.000000e+000, 4.500000e+000, 5.408249e+000
3.100000000000001e+000, 3.100000e+000, 4.500000e+000, 5.464352e+000
3.200000000000002e+000, 3.200000e+000, 4.500000e+000, 5.521696e+000
3.300000000000002e+000, 3.300000e+000, 4.500000e+000, 5.580243e+000
3.400000000000002e+000, 3.400000e+000, 4.500000e+000, 5.639955e+000
3.500000000000002e+000, 3.500000e+000, 4.500000e+000, 5.700796e+000
3.600000000000002e+000, 3.600000e+000, 4.500000e+000, 5.762730e+000
3.700000000000002e+000, 3.700000e+000, 4.500000e+000, 5.825723e+000
3.800000000000002e+000, 3.800000e+000, 4.500000e+000, 5.889739e+000
3.900000000000002e+000, 3.900000e+000, 4.500000e+000, 5.954747e+000
4.000000000000002e+000, 4.000000e+000, 4.500000e+000, 6.020713e+000
4.100000000000001e+000, 4.100000e+000, 4.500000e+000, 6.087608e+000
4.200000000000001e+000, 4.200000e+000, 4.500000e+000, 6.155400e+000
4.300000000000001e+000, 4.300000e+000, 4.500000e+000, 6.224061e+000
4.400000000000000e+000, 4.400000e+000, 4.500000e+000, 6.293561e+000
4.500000000000000e+000, 4.500000e+000, 4.500000e+000, 6.363874e+000
4.600000000000000e+000, 4.600000e+000, 4.500000e+000, 6.434972e+000
4.699999999999999e+000, 4.700000e+000, 4.500000e+000, 6.506831e+000
4.799999999999999e+000, 4.800000e+000, 4.500000e+000, 6.579424e+000
4.899999999999999e+000, 4.900000e+000, 4.500000e+000, 6.652729e+000
5.000000000000000e+000, 5.000000e+000, 4.500000e+000, 6.726721e+000
Step Information: V1=5  (Run: 11/11)
0.000000000000000e+000, 0.000000e+000, 5.000000e+000, 4.999934e+000
1.000000000000000e-001, 1.000000e-001, 5.000000e+000, 5.000933e+000
2.000000000000000e-001, 2.000000e-001, 5.000000e+000, 5.003928e+000
3.000000000000000e-001, 3.000000e-001, 5.000000e+000, 5.008911e+000
4.000000000000000e-001, 4.000000e-001, 5.000000e+000, 5.015906e+000
5.000000000000000e-001, 5.000000e-001, 5.000000e+000, 5.024760e+000
6.000000000000000e-001, 6.000000e-001, 5.000000e+000, 5.035726e+000
7.000000000000000e-001, 7.000000e-001, 5.000000e+000, 5.048652e+000
7.999999999999999e-001, 8.000000e-001, 5.000000e+000, 5.063498e+000
8.999999999999999e-001, 9.000000e-001, 5.000000e+000, 5.080263e+000
9.999999999999999e-001, 1.000000e+000, 5.000000e+000, 5.098933e+000
1.100000000000000e+000, 1.100000e+000, 5.000000e+000, 5.119486e+000
1.200000000000000e+000, 1.200000e+000, 5.000000e+000, 5.141902e+000
1.300000000000000e+000, 1.300000e+000, 5.000000e+000, 5.166156e+000
1.400000000000000e+000, 1.400000e+000, 5.000000e+000, 5.192222e+000
1.500000000000000e+000, 1.500000e+000, 5.000000e+000, 5.220074e+000
1.600000000000000e+000, 1.600000e+000, 5.000000e+000, 5.249683e+000
1.700000000000000e+000, 1.700000e+000, 5.000000e+000, 5.281020e+000
1.800000000000001e+000, 1.800000e+000, 5.000000e+000, 5.314054e+000
1.900000000000001e+000, 1.900000e+000, 5.000000e+000, 5.348753e+000
2.000000000000000e+000, 2.000000e+000, 5.000000e+000, 5.385086e+000
2.100000000000001e+000, 2.100000e+000, 5.000000e+000, 5.423020e+000
2.200000000000001e+000, 2.200000e+000, 5.000000e+000, 5.462521e+000
2.300000000000001e+000, 2.300000e+000, 5.000000e+000, 5.503556e+000
2.400000000000001e+000, 2.400000e+000, 5.000000e+000, 5.546090e+000
2.500000000000001e+000, 2.500000e+000, 5.000000e+000, 5.590090e+000
2.600000000000001e+000, 2.600000e+000, 5.000000e+000, 5.635521e+000
2.700000000000001e+000, 2.700000e+000, 5.000000e+000, 5.682348e+000
2.800000000000001e+000, 2.800000e+000, 5.000000e+000, 5.730538e+000
2.900000000000001e+000, 2.900000e+000, 5.000000e+000, 5.780057e+000
3.000000000000001e+000, 3.000000e+000, 5.000000e+000, 5.830870e+000
3.100000000000001e+000, 3.100000e+000, 5.000000e+000, 5.882944e+000
3.200000000000002e+000, 3.200000e+000, 5.000000e+000, 5.936245e+000
3.300000000000002e+000, 3.300000e+000, 5.000000e+000, 5.990743e+000
3.400000000000002e+000, 3.400000e+000, 5.000000e+000, 6.046402e+000
3.500000000000002e+000, 3.500000e+000, 5.000000e+000, 6.103193e+000
3.600000000000002e+000, 3.600000e+000, 5.000000e+000, 6.161083e+000
3.700000000000002e+000, 3.700000e+000, 5.000000e+000, 6.220043e+000
3.800000000000002e+000, 3.800000e+000, 5.000000e+000, 6.280041e+000
3.900000000000002e+000, 3.900000e+000, 5.000000e+000, 6.341048e+000
4.000000000000002e+000, 4.000000e+000, 5.000000e+000, 6.403037e+000
4.100000000000001e+000, 4.100000e+000, 5.000000e+000, 6.465977e+000
4.200000000000001e+000, 4.200000e+000, 5.000000e+000, 6.529842e+000
4.300000000000001e+000, 4.300000e+000, 5.000000e+000, 6.594605e+000
4.400000000000000e+000, 4.400000e+000, 5.000000e+000, 6.660240e+000
4.500000000000000e+000, 4.500000e+000, 5.000000e+000, 6.726721e+000
4.600000000000000e+000, 4.600000e+000, 5.000000e+000, 6.794024e+000
4.699999999999999e+000, 4.700000e+000, 5.000000e+000, 6.862123e+000
4.799999999999999e+000, 4.800000e+000, 5.000000e+000, 6.930996e+000
4.899999999999999e+000, 4.900000e+000, 5.000000e+000, 7.000621e+000
5.000000000000000e+000, 5.000000e+000, 5.000000e+000, 7.070973e+000
