v3	V(v_1)	V(vout)	I(V3)
0.000000000000000e+000	2.500000e+000	0.000000e+000	1.366679e-005
1.000000000000000e-002	2.500000e+000	1.000000e-002	1.302674e-005
2.000000000000000e-002	2.500000e+000	2.000000e-002	1.240518e-005
3.000000000000000e-002	2.500000e+000	3.000000e-002	1.180203e-005
4.000000000000000e-002	2.500000e+000	4.000000e-002	1.121721e-005
5.000000000000000e-002	2.500000e+000	5.000000e-002	1.065063e-005
6.000000000000001e-002	2.500000e+000	6.000000e-002	1.010223e-005
7.000000000000001e-002	2.500000e+000	7.000000e-002	9.571909e-006
8.000000000000000e-002	2.500000e+000	8.000000e-002	9.059588e-006
9.000000000000000e-002	2.500000e+000	9.000000e-002	8.565176e-006
9.999999999999999e-002	2.500000e+000	1.000000e-001	8.088583e-006
1.100000000000000e-001	2.500000e+000	1.100000e-001	7.629713e-006
1.200000000000000e-001	2.500000e+000	1.200000e-001	7.188468e-006
1.300000000000000e-001	2.500000e+000	1.300000e-001	6.764746e-006
1.400000000000000e-001	2.500000e+000	1.400000e-001	6.358440e-006
1.500000000000000e-001	2.500000e+000	1.500000e-001	5.969440e-006
1.600000000000000e-001	2.500000e+000	1.600000e-001	5.597629e-006
1.700000000000000e-001	2.500000e+000	1.700000e-001	5.242885e-006
1.800000000000000e-001	2.500000e+000	1.800000e-001	4.905077e-006
1.900000000000000e-001	2.500000e+000	1.900000e-001	4.584072e-006
2.000000000000000e-001	2.500000e+000	2.000000e-001	4.279721e-006
2.100000000000001e-001	2.500000e+000	2.100000e-001	3.991873e-006
2.200000000000001e-001	2.500000e+000	2.200000e-001	3.720359e-006
2.300000000000001e-001	2.500000e+000	2.300000e-001	3.465002e-006
2.400000000000001e-001	2.500000e+000	2.400000e-001	3.225608e-006
2.500000000000001e-001	2.500000e+000	2.500000e-001	3.001964e-006
2.600000000000001e-001	2.500000e+000	2.600000e-001	2.793839e-006
2.700000000000001e-001	2.500000e+000	2.700000e-001	2.600975e-006
2.800000000000001e-001	2.500000e+000	2.800000e-001	2.423083e-006
2.900000000000001e-001	2.500000e+000	2.900000e-001	2.259836e-006
3.000000000000001e-001	2.500000e+000	3.000000e-001	2.110857e-006
3.100000000000001e-001	2.500000e+000	3.100000e-001	1.975707e-006
3.200000000000001e-001	2.500000e+000	3.200000e-001	1.853867e-006
3.300000000000001e-001	2.500000e+000	3.300000e-001	1.744720e-006
3.400000000000001e-001	2.500000e+000	3.400000e-001	1.647537e-006
3.500000000000001e-001	2.500000e+000	3.500000e-001	1.561500e-006
3.600000000000002e-001	2.500000e+000	3.600000e-001	1.485774e-006
3.700000000000002e-001	2.500000e+000	3.700000e-001	1.419624e-006
3.800000000000002e-001	2.500000e+000	3.800000e-001	1.362491e-006
3.900000000000002e-001	2.500000e+000	3.900000e-001	1.313941e-006
4.000000000000002e-001	2.500000e+000	4.000000e-001	1.273534e-006
4.100000000000002e-001	2.500000e+000	4.100000e-001	1.240690e-006
4.200000000000002e-001	2.500000e+000	4.200000e-001	1.214603e-006
4.300000000000002e-001	2.500000e+000	4.300000e-001	1.194211e-006
4.400000000000002e-001	2.500000e+000	4.400000e-001	1.178286e-006
4.500000000000002e-001	2.500000e+000	4.500000e-001	1.165633e-006
4.600000000000002e-001	2.500000e+000	4.600000e-001	1.155265e-006
4.700000000000003e-001	2.500000e+000	4.700000e-001	1.146456e-006
4.800000000000003e-001	2.500000e+000	4.800000e-001	1.138715e-006
4.900000000000003e-001	2.500000e+000	4.900000e-001	1.131716e-006
5.000000000000002e-001	2.500000e+000	5.000000e-001	1.125245e-006
5.100000000000002e-001	2.500000e+000	5.100000e-001	1.119161e-006
5.200000000000002e-001	2.500000e+000	5.200000e-001	1.113369e-006
5.300000000000003e-001	2.500000e+000	5.300000e-001	1.107801e-006
5.400000000000003e-001	2.500000e+000	5.400000e-001	1.102414e-006
5.500000000000003e-001	2.500000e+000	5.500000e-001	1.097171e-006
5.600000000000003e-001	2.500000e+000	5.600000e-001	1.092050e-006
5.700000000000003e-001	2.500000e+000	5.700000e-001	1.087032e-006
5.800000000000003e-001	2.500000e+000	5.800000e-001	1.082102e-006
5.900000000000003e-001	2.500000e+000	5.900000e-001	1.077250e-006
6.000000000000003e-001	2.500000e+000	6.000000e-001	1.072468e-006
6.100000000000003e-001	2.500000e+000	6.100000e-001	1.067746e-006
6.200000000000003e-001	2.500000e+000	6.200000e-001	1.063082e-006
6.300000000000003e-001	2.500000e+000	6.300000e-001	1.058468e-006
6.400000000000004e-001	2.500000e+000	6.400000e-001	1.053902e-006
6.500000000000004e-001	2.500000e+000	6.500000e-001	1.049381e-006
6.600000000000004e-001	2.500000e+000	6.600000e-001	1.044900e-006
6.700000000000004e-001	2.500000e+000	6.700000e-001	1.040458e-006
6.800000000000004e-001	2.500000e+000	6.800000e-001	1.036052e-006
6.900000000000004e-001	2.500000e+000	6.900000e-001	1.031680e-006
7.000000000000004e-001	2.500000e+000	7.000000e-001	1.027341e-006
7.100000000000004e-001	2.500000e+000	7.100000e-001	1.023033e-006
7.200000000000004e-001	2.500000e+000	7.200000e-001	1.018754e-006
7.300000000000004e-001	2.500000e+000	7.300000e-001	1.014503e-006
7.400000000000004e-001	2.500000e+000	7.400000e-001	1.010280e-006
7.500000000000004e-001	2.500000e+000	7.500000e-001	1.006082e-006
7.600000000000005e-001	2.500000e+000	7.600000e-001	1.001909e-006
7.700000000000005e-001	2.500000e+000	7.700000e-001	9.977593e-007
7.800000000000005e-001	2.500000e+000	7.800000e-001	9.936330e-007
7.900000000000005e-001	2.500000e+000	7.900000e-001	9.895286e-007
8.000000000000005e-001	2.500000e+000	8.000000e-001	9.854456e-007
8.100000000000005e-001	2.500000e+000	8.100000e-001	9.813831e-007
8.200000000000005e-001	2.500000e+000	8.200000e-001	9.773405e-007
8.300000000000005e-001	2.500000e+000	8.300000e-001	9.733170e-007
8.400000000000005e-001	2.500000e+000	8.400000e-001	9.693121e-007
8.500000000000005e-001	2.500000e+000	8.500000e-001	9.653252e-007
8.600000000000005e-001	2.500000e+000	8.600000e-001	9.613556e-007
8.700000000000006e-001	2.500000e+000	8.700000e-001	9.574029e-007
8.800000000000006e-001	2.500000e+000	8.800000e-001	9.534666e-007
8.900000000000006e-001	2.500000e+000	8.900000e-001	9.495461e-007
9.000000000000006e-001	2.500000e+000	9.000000e-001	9.456409e-007
9.100000000000006e-001	2.500000e+000	9.100000e-001	9.417507e-007
9.200000000000006e-001	2.500000e+000	9.200000e-001	9.378750e-007
9.300000000000006e-001	2.500000e+000	9.300000e-001	9.340134e-007
9.400000000000006e-001	2.500000e+000	9.400000e-001	9.301655e-007
9.500000000000006e-001	2.500000e+000	9.500000e-001	9.263309e-007
9.600000000000006e-001	2.500000e+000	9.600000e-001	9.225092e-007
9.700000000000006e-001	2.500000e+000	9.700000e-001	9.187000e-007
9.800000000000007e-001	2.500000e+000	9.800000e-001	9.149031e-007
9.900000000000007e-001	2.500000e+000	9.900000e-001	9.111180e-007
1.000000000000001e+000	2.500000e+000	1.000000e+000	9.073445e-007
1.010000000000001e+000	2.500000e+000	1.010000e+000	9.035824e-007
1.020000000000001e+000	2.500000e+000	1.020000e+000	8.998310e-007
1.030000000000001e+000	2.500000e+000	1.030000e+000	8.960905e-007
1.040000000000001e+000	2.500000e+000	1.040000e+000	8.923602e-007
1.050000000000001e+000	2.500000e+000	1.050000e+000	8.886401e-007
1.060000000000001e+000	2.500000e+000	1.060000e+000	8.849298e-007
1.070000000000001e+000	2.500000e+000	1.070000e+000	8.812291e-007
1.080000000000001e+000	2.500000e+000	1.080000e+000	8.775377e-007
1.090000000000001e+000	2.500000e+000	1.090000e+000	8.738554e-007
1.100000000000001e+000	2.500000e+000	1.100000e+000	8.701820e-007
1.110000000000001e+000	2.500000e+000	1.110000e+000	8.665171e-007
1.120000000000001e+000	2.500000e+000	1.120000e+000	8.628606e-007
1.130000000000001e+000	2.500000e+000	1.130000e+000	8.592124e-007
1.140000000000001e+000	2.500000e+000	1.140000e+000	8.555721e-007
1.150000000000001e+000	2.500000e+000	1.150000e+000	8.519395e-007
1.160000000000001e+000	2.500000e+000	1.160000e+000	8.483145e-007
1.170000000000001e+000	2.500000e+000	1.170000e+000	8.446968e-007
1.180000000000001e+000	2.500000e+000	1.180000e+000	8.410864e-007
1.190000000000001e+000	2.500000e+000	1.190000e+000	8.374828e-007
1.200000000000001e+000	2.500000e+000	1.200000e+000	8.338861e-007
1.210000000000001e+000	2.500000e+000	1.210000e+000	8.302960e-007
1.220000000000001e+000	2.500000e+000	1.220000e+000	8.267123e-007
1.230000000000001e+000	2.500000e+000	1.230000e+000	8.231349e-007
1.240000000000001e+000	2.500000e+000	1.240000e+000	8.195636e-007
1.250000000000001e+000	2.500000e+000	1.250000e+000	8.159982e-007
1.260000000000001e+000	2.500000e+000	1.260000e+000	8.124387e-007
1.270000000000001e+000	2.500000e+000	1.270000e+000	8.088846e-007
1.280000000000001e+000	2.500000e+000	1.280000e+000	8.053361e-007
1.290000000000001e+000	2.500000e+000	1.290000e+000	8.017930e-007
1.300000000000001e+000	2.500000e+000	1.300000e+000	7.982549e-007
1.310000000000001e+000	2.500000e+000	1.310000e+000	7.947219e-007
1.320000000000001e+000	2.500000e+000	1.320000e+000	7.911938e-007
1.330000000000001e+000	2.500000e+000	1.330000e+000	7.876704e-007
1.340000000000001e+000	2.500000e+000	1.340000e+000	7.841517e-007
1.350000000000001e+000	2.500000e+000	1.350000e+000	7.806374e-007
1.360000000000001e+000	2.500000e+000	1.360000e+000	7.771274e-007
1.370000000000001e+000	2.500000e+000	1.370000e+000	7.736217e-007
1.380000000000001e+000	2.500000e+000	1.380000e+000	7.701201e-007
1.390000000000001e+000	2.500000e+000	1.390000e+000	7.666224e-007
1.400000000000001e+000	2.500000e+000	1.400000e+000	7.631286e-007
1.410000000000001e+000	2.500000e+000	1.410000e+000	7.596385e-007
1.420000000000001e+000	2.500000e+000	1.420000e+000	7.561520e-007
1.430000000000001e+000	2.500000e+000	1.430000e+000	7.526691e-007
1.440000000000001e+000	2.500000e+000	1.440000e+000	7.491894e-007
1.450000000000001e+000	2.500000e+000	1.450000e+000	7.457131e-007
1.460000000000001e+000	2.500000e+000	1.460000e+000	7.422399e-007
1.470000000000001e+000	2.500000e+000	1.470000e+000	7.387698e-007
1.480000000000001e+000	2.500000e+000	1.480000e+000	7.353026e-007
1.490000000000001e+000	2.500000e+000	1.490000e+000	7.318383e-007
1.500000000000001e+000	2.500000e+000	1.500000e+000	7.283766e-007
1.510000000000001e+000	2.500000e+000	1.510000e+000	7.249176e-007
1.520000000000001e+000	2.500000e+000	1.520000e+000	7.214612e-007
1.530000000000001e+000	2.500000e+000	1.530000e+000	7.180072e-007
1.540000000000001e+000	2.500000e+000	1.540000e+000	7.145555e-007
1.550000000000001e+000	2.500000e+000	1.550000e+000	7.111061e-007
1.560000000000001e+000	2.500000e+000	1.560000e+000	7.076588e-007
1.570000000000001e+000	2.500000e+000	1.570000e+000	7.042136e-007
1.580000000000001e+000	2.500000e+000	1.580000e+000	7.007703e-007
1.590000000000001e+000	2.500000e+000	1.590000e+000	6.973289e-007
1.600000000000001e+000	2.500000e+000	1.600000e+000	6.938893e-007
1.610000000000001e+000	2.500000e+000	1.610000e+000	6.904513e-007
1.620000000000001e+000	2.500000e+000	1.620000e+000	6.870150e-007
1.630000000000001e+000	2.500000e+000	1.630000e+000	6.835802e-007
1.640000000000001e+000	2.500000e+000	1.640000e+000	6.801468e-007
1.650000000000001e+000	2.500000e+000	1.650000e+000	6.767147e-007
1.660000000000001e+000	2.500000e+000	1.660000e+000	6.732839e-007
1.670000000000001e+000	2.500000e+000	1.670000e+000	6.698543e-007
1.680000000000001e+000	2.500000e+000	1.680000e+000	6.664258e-007
1.690000000000001e+000	2.500000e+000	1.690000e+000	6.629983e-007
1.700000000000001e+000	2.500000e+000	1.700000e+000	6.595716e-007
1.710000000000001e+000	2.500000e+000	1.710000e+000	6.561459e-007
1.720000000000001e+000	2.500000e+000	1.720000e+000	6.527210e-007
1.730000000000001e+000	2.500000e+000	1.730000e+000	6.492967e-007
1.740000000000001e+000	2.500000e+000	1.740000e+000	6.458731e-007
1.750000000000001e+000	2.500000e+000	1.750000e+000	6.424499e-007
1.760000000000001e+000	2.500000e+000	1.760000e+000	6.390273e-007
1.770000000000001e+000	2.500000e+000	1.770000e+000	6.356050e-007
1.780000000000001e+000	2.500000e+000	1.780000e+000	6.321831e-007
1.790000000000001e+000	2.500000e+000	1.790000e+000	6.287613e-007
1.800000000000001e+000	2.500000e+000	1.800000e+000	6.253398e-007
1.810000000000001e+000	2.500000e+000	1.810000e+000	6.219183e-007
1.820000000000001e+000	2.500000e+000	1.820000e+000	6.184969e-007
1.830000000000001e+000	2.500000e+000	1.830000e+000	6.150754e-007
1.840000000000001e+000	2.500000e+000	1.840000e+000	6.116537e-007
1.850000000000001e+000	2.500000e+000	1.850000e+000	6.082319e-007
1.860000000000001e+000	2.500000e+000	1.860000e+000	6.048098e-007
1.870000000000001e+000	2.500000e+000	1.870000e+000	6.013873e-007
1.880000000000001e+000	2.500000e+000	1.880000e+000	5.979645e-007
1.890000000000002e+000	2.500000e+000	1.890000e+000	5.945411e-007
1.900000000000002e+000	2.500000e+000	1.900000e+000	5.911173e-007
1.910000000000002e+000	2.500000e+000	1.910000e+000	5.876927e-007
1.920000000000002e+000	2.500000e+000	1.920000e+000	5.842675e-007
1.930000000000002e+000	2.500000e+000	1.930000e+000	5.808416e-007
1.940000000000002e+000	2.500000e+000	1.940000e+000	5.774148e-007
1.950000000000002e+000	2.500000e+000	1.950000e+000	5.739871e-007
1.960000000000002e+000	2.500000e+000	1.960000e+000	5.705584e-007
1.970000000000002e+000	2.500000e+000	1.970000e+000	5.671287e-007
1.980000000000002e+000	2.500000e+000	1.980000e+000	5.636979e-007
1.990000000000002e+000	2.500000e+000	1.990000e+000	5.602659e-007
2.000000000000001e+000	2.500000e+000	2.000000e+000	5.568327e-007
2.010000000000001e+000	2.500000e+000	2.010000e+000	5.533982e-007
2.020000000000001e+000	2.500000e+000	2.020000e+000	5.499623e-007
2.030000000000001e+000	2.500000e+000	2.030000e+000	5.465250e-007
2.040000000000001e+000	2.500000e+000	2.040000e+000	5.430861e-007
2.050000000000000e+000	2.500000e+000	2.050000e+000	5.396457e-007
2.060000000000000e+000	2.500000e+000	2.060000e+000	5.362036e-007
2.070000000000000e+000	2.500000e+000	2.070000e+000	5.327598e-007
2.080000000000000e+000	2.500000e+000	2.080000e+000	5.293143e-007
2.089999999999999e+000	2.500000e+000	2.090000e+000	5.258669e-007
2.099999999999999e+000	2.500000e+000	2.100000e+000	5.224176e-007
2.109999999999999e+000	2.500000e+000	2.110000e+000	5.189663e-007
2.119999999999999e+000	2.500000e+000	2.120000e+000	5.155129e-007
2.129999999999999e+000	2.500000e+000	2.130000e+000	5.120574e-007
2.139999999999998e+000	2.500000e+000	2.140000e+000	5.085997e-007
2.149999999999998e+000	2.500000e+000	2.150000e+000	5.051397e-007
2.159999999999998e+000	2.500000e+000	2.160000e+000	5.016774e-007
2.169999999999998e+000	2.500000e+000	2.170000e+000	4.982128e-007
2.179999999999998e+000	2.500000e+000	2.180000e+000	4.947457e-007
2.189999999999997e+000	2.500000e+000	2.190000e+000	4.912760e-007
2.199999999999997e+000	2.500000e+000	2.200000e+000	4.878037e-007
2.209999999999997e+000	2.500000e+000	2.210000e+000	4.843287e-007
2.219999999999997e+000	2.500000e+000	2.220000e+000	4.808510e-007
2.229999999999996e+000	2.500000e+000	2.230000e+000	4.773705e-007
2.239999999999996e+000	2.500000e+000	2.240000e+000	4.738870e-007
2.249999999999996e+000	2.500000e+000	2.250000e+000	4.704006e-007
2.259999999999996e+000	2.500000e+000	2.260000e+000	4.669112e-007
2.269999999999996e+000	2.500000e+000	2.270000e+000	4.634186e-007
2.279999999999995e+000	2.500000e+000	2.280000e+000	4.599229e-007
2.289999999999995e+000	2.500000e+000	2.290000e+000	4.564239e-007
2.299999999999995e+000	2.500000e+000	2.300000e+000	4.529215e-007
2.309999999999995e+000	2.500000e+000	2.310000e+000	4.494158e-007
2.319999999999995e+000	2.500000e+000	2.320000e+000	4.459066e-007
2.329999999999994e+000	2.500000e+000	2.330000e+000	4.423937e-007
2.339999999999994e+000	2.500000e+000	2.340000e+000	4.388773e-007
2.349999999999994e+000	2.500000e+000	2.350000e+000	4.353572e-007
2.359999999999994e+000	2.500000e+000	2.360000e+000	4.318332e-007
2.369999999999993e+000	2.500000e+000	2.370000e+000	4.283054e-007
2.379999999999993e+000	2.500000e+000	2.380000e+000	4.247736e-007
2.389999999999993e+000	2.500000e+000	2.390000e+000	4.212378e-007
2.399999999999993e+000	2.500000e+000	2.400000e+000	4.176979e-007
2.409999999999993e+000	2.500000e+000	2.410000e+000	4.141538e-007
2.419999999999992e+000	2.500000e+000	2.420000e+000	4.106054e-007
2.429999999999992e+000	2.500000e+000	2.430000e+000	4.070527e-007
2.439999999999992e+000	2.500000e+000	2.440000e+000	4.034954e-007
2.449999999999992e+000	2.500000e+000	2.450000e+000	3.999337e-007
2.459999999999992e+000	2.500000e+000	2.460000e+000	3.963674e-007
2.469999999999991e+000	2.500000e+000	2.470000e+000	3.927964e-007
2.479999999999991e+000	2.500000e+000	2.480000e+000	3.892205e-007
2.489999999999991e+000	2.500000e+000	2.490000e+000	3.856398e-007
2.499999999999991e+000	2.500000e+000	2.500000e+000	3.820541e-007
2.509999999999991e+000	2.500000e+000	2.510000e+000	3.784634e-007
2.519999999999990e+000	2.500000e+000	2.520000e+000	3.748675e-007
2.529999999999990e+000	2.500000e+000	2.530000e+000	3.712664e-007
2.539999999999990e+000	2.500000e+000	2.540000e+000	3.676599e-007
2.549999999999990e+000	2.500000e+000	2.550000e+000	3.640480e-007
2.559999999999989e+000	2.500000e+000	2.560000e+000	3.604307e-007
2.569999999999989e+000	2.500000e+000	2.570000e+000	3.568076e-007
2.579999999999989e+000	2.500000e+000	2.580000e+000	3.531789e-007
2.589999999999989e+000	2.500000e+000	2.590000e+000	3.495444e-007
2.599999999999989e+000	2.500000e+000	2.600000e+000	3.459039e-007
2.609999999999988e+000	2.500000e+000	2.610000e+000	3.422575e-007
2.619999999999988e+000	2.500000e+000	2.620000e+000	3.386049e-007
2.629999999999988e+000	2.500000e+000	2.630000e+000	3.349461e-007
2.639999999999988e+000	2.500000e+000	2.640000e+000	3.312810e-007
2.649999999999988e+000	2.500000e+000	2.650000e+000	3.276095e-007
2.659999999999987e+000	2.500000e+000	2.660000e+000	3.239315e-007
2.669999999999987e+000	2.500000e+000	2.670000e+000	3.202468e-007
2.679999999999987e+000	2.500000e+000	2.680000e+000	3.165553e-007
2.689999999999987e+000	2.500000e+000	2.690000e+000	3.128571e-007
2.699999999999986e+000	2.500000e+000	2.700000e+000	3.091518e-007
2.709999999999986e+000	2.500000e+000	2.710000e+000	3.054395e-007
2.719999999999986e+000	2.500000e+000	2.720000e+000	3.017200e-007
2.729999999999986e+000	2.500000e+000	2.730000e+000	2.979932e-007
2.739999999999986e+000	2.500000e+000	2.740000e+000	2.942589e-007
2.749999999999985e+000	2.500000e+000	2.750000e+000	2.905172e-007
2.759999999999985e+000	2.500000e+000	2.760000e+000	2.867677e-007
2.769999999999985e+000	2.500000e+000	2.770000e+000	2.830106e-007
2.779999999999985e+000	2.500000e+000	2.780000e+000	2.792455e-007
2.789999999999985e+000	2.500000e+000	2.790000e+000	2.754724e-007
2.799999999999984e+000	2.500000e+000	2.800000e+000	2.716911e-007
2.809999999999984e+000	2.500000e+000	2.810000e+000	2.679016e-007
2.819999999999984e+000	2.500000e+000	2.820000e+000	2.641037e-007
2.829999999999984e+000	2.500000e+000	2.830000e+000	2.602972e-007
2.839999999999983e+000	2.500000e+000	2.840000e+000	2.564821e-007
2.849999999999983e+000	2.500000e+000	2.850000e+000	2.526583e-007
2.859999999999983e+000	2.500000e+000	2.860000e+000	2.488255e-007
2.869999999999983e+000	2.500000e+000	2.870000e+000	2.449837e-007
2.879999999999983e+000	2.500000e+000	2.880000e+000	2.411326e-007
2.889999999999982e+000	2.500000e+000	2.890000e+000	2.372723e-007
2.899999999999982e+000	2.500000e+000	2.900000e+000	2.334024e-007
2.909999999999982e+000	2.500000e+000	2.910000e+000	2.295230e-007
2.919999999999982e+000	2.500000e+000	2.920000e+000	2.256339e-007
2.929999999999982e+000	2.500000e+000	2.930000e+000	2.217348e-007
2.939999999999981e+000	2.500000e+000	2.940000e+000	2.178257e-007
2.949999999999981e+000	2.500000e+000	2.950000e+000	2.139064e-007
2.959999999999981e+000	2.500000e+000	2.960000e+000	2.099768e-007
2.969999999999981e+000	2.500000e+000	2.970000e+000	2.060368e-007
2.979999999999980e+000	2.500000e+000	2.980000e+000	2.020861e-007
2.989999999999980e+000	2.500000e+000	2.990000e+000	1.981246e-007
2.999999999999980e+000	2.500000e+000	3.000000e+000	1.941521e-007
3.009999999999980e+000	2.500000e+000	3.010000e+000	1.901686e-007
3.019999999999980e+000	2.500000e+000	3.020000e+000	1.861738e-007
3.029999999999979e+000	2.500000e+000	3.030000e+000	1.821675e-007
3.039999999999979e+000	2.500000e+000	3.040000e+000	1.781497e-007
3.049999999999979e+000	2.500000e+000	3.050000e+000	1.741202e-007
3.059999999999979e+000	2.500000e+000	3.060000e+000	1.700787e-007
3.069999999999979e+000	2.500000e+000	3.070000e+000	1.660252e-007
3.079999999999978e+000	2.500000e+000	3.080000e+000	1.619594e-007
3.089999999999978e+000	2.500000e+000	3.090000e+000	1.578812e-007
3.099999999999978e+000	2.500000e+000	3.100000e+000	1.537904e-007
3.109999999999978e+000	2.500000e+000	3.110000e+000	1.496868e-007
3.119999999999978e+000	2.500000e+000	3.120000e+000	1.455702e-007
3.129999999999977e+000	2.500000e+000	3.130000e+000	1.414406e-007
3.139999999999977e+000	2.500000e+000	3.140000e+000	1.372976e-007
3.149999999999977e+000	2.500000e+000	3.150000e+000	1.331411e-007
3.159999999999977e+000	2.500000e+000	3.160000e+000	1.289710e-007
3.169999999999976e+000	2.500000e+000	3.170000e+000	1.247869e-007
3.179999999999976e+000	2.500000e+000	3.180000e+000	1.205889e-007
3.189999999999976e+000	2.500000e+000	3.190000e+000	1.163765e-007
3.199999999999976e+000	2.500000e+000	3.200000e+000	1.121497e-007
3.209999999999976e+000	2.500000e+000	3.210000e+000	1.079083e-007
3.219999999999975e+000	2.500000e+000	3.220000e+000	1.036520e-007
3.229999999999975e+000	2.500000e+000	3.230000e+000	9.938071e-008
3.239999999999975e+000	2.500000e+000	3.240000e+000	9.509414e-008
3.249999999999975e+000	2.500000e+000	3.250000e+000	9.079212e-008
3.259999999999975e+000	2.500000e+000	3.260000e+000	8.647444e-008
3.269999999999974e+000	2.500000e+000	3.270000e+000	8.214089e-008
3.279999999999974e+000	2.500000e+000	3.280000e+000	7.779124e-008
3.289999999999974e+000	2.500000e+000	3.290000e+000	7.342530e-008
3.299999999999974e+000	2.500000e+000	3.300000e+000	6.904283e-008
3.309999999999973e+000	2.500000e+000	3.310000e+000	6.464363e-008
3.319999999999973e+000	2.500000e+000	3.320000e+000	6.022745e-008
3.329999999999973e+000	2.500000e+000	3.330000e+000	5.579409e-008
3.339999999999973e+000	2.500000e+000	3.340000e+000	5.134330e-008
3.349999999999973e+000	2.500000e+000	3.350000e+000	4.687485e-008
3.359999999999972e+000	2.500000e+000	3.360000e+000	4.238852e-008
3.369999999999972e+000	2.500000e+000	3.370000e+000	3.788405e-008
3.379999999999972e+000	2.500000e+000	3.380000e+000	3.336122e-008
3.389999999999972e+000	2.500000e+000	3.390000e+000	2.881977e-008
3.399999999999972e+000	2.500000e+000	3.400000e+000	2.425946e-008
3.409999999999971e+000	2.500000e+000	3.410000e+000	1.968003e-008
3.419999999999971e+000	2.500000e+000	3.420000e+000	1.508123e-008
3.429999999999971e+000	2.500000e+000	3.430000e+000	1.046281e-008
3.439999999999971e+000	2.500000e+000	3.440000e+000	5.824487e-009
3.449999999999970e+000	2.500000e+000	3.450000e+000	1.166008e-009
3.459999999999970e+000	2.500000e+000	3.460000e+000	-3.512901e-009
3.469999999999970e+000	2.500000e+000	3.470000e+000	-8.212515e-009
3.479999999999970e+000	2.500000e+000	3.480000e+000	-1.293312e-008
3.489999999999970e+000	2.500000e+000	3.490000e+000	-1.767499e-008
3.499999999999969e+000	2.500000e+000	3.500000e+000	-2.243842e-008
3.509999999999969e+000	2.500000e+000	3.510000e+000	-2.722370e-008
3.519999999999969e+000	2.500000e+000	3.520000e+000	-3.203114e-008
3.529999999999969e+000	2.500000e+000	3.530000e+000	-3.686105e-008
3.539999999999969e+000	2.500000e+000	3.540000e+000	-4.171373e-008
3.549999999999968e+000	2.500000e+000	3.550000e+000	-4.658951e-008
3.559999999999968e+000	2.500000e+000	3.560000e+000	-5.148872e-008
3.569999999999968e+000	2.500000e+000	3.570000e+000	-5.641168e-008
3.579999999999968e+000	2.500000e+000	3.580000e+000	-6.135875e-008
3.589999999999967e+000	2.500000e+000	3.590000e+000	-6.633027e-008
3.599999999999967e+000	2.500000e+000	3.600000e+000	-7.132662e-008
3.609999999999967e+000	2.500000e+000	3.610000e+000	-7.634817e-008
3.619999999999967e+000	2.500000e+000	3.620000e+000	-8.139529e-008
3.629999999999967e+000	2.500000e+000	3.630000e+000	-8.646840e-008
3.639999999999966e+000	2.500000e+000	3.640000e+000	-9.156791e-008
3.649999999999966e+000	2.500000e+000	3.650000e+000	-9.669424e-008
3.659999999999966e+000	2.500000e+000	3.660000e+000	-1.018479e-007
3.669999999999966e+000	2.500000e+000	3.670000e+000	-1.070292e-007
3.679999999999966e+000	2.500000e+000	3.680000e+000	-1.122388e-007
3.689999999999965e+000	2.500000e+000	3.690000e+000	-1.174771e-007
3.699999999999965e+000	2.500000e+000	3.700000e+000	-1.227448e-007
3.709999999999965e+000	2.500000e+000	3.710000e+000	-1.280423e-007
3.719999999999965e+000	2.500000e+000	3.720000e+000	-1.333704e-007
3.729999999999965e+000	2.500000e+000	3.730000e+000	-1.387296e-007
3.739999999999964e+000	2.500000e+000	3.740000e+000	-1.441206e-007
3.749999999999964e+000	2.500000e+000	3.750000e+000	-1.495444e-007
3.759999999999964e+000	2.500000e+000	3.760000e+000	-1.550015e-007
3.769999999999964e+000	2.500000e+000	3.770000e+000	-1.604931e-007
3.779999999999963e+000	2.500000e+000	3.780000e+000	-1.660201e-007
3.789999999999963e+000	2.500000e+000	3.790000e+000	-1.715836e-007
3.799999999999963e+000	2.500000e+000	3.800000e+000	-1.771848e-007
3.809999999999963e+000	2.500000e+000	3.810000e+000	-1.828252e-007
3.819999999999963e+000	2.500000e+000	3.820000e+000	-1.885063e-007
3.829999999999962e+000	2.500000e+000	3.830000e+000	-1.942299e-007
3.839999999999962e+000	2.500000e+000	3.840000e+000	-1.999980e-007
3.849999999999962e+000	2.500000e+000	3.850000e+000	-2.058131e-007
3.859999999999962e+000	2.500000e+000	3.860000e+000	-2.116779e-007
3.869999999999962e+000	2.500000e+000	3.870000e+000	-2.175956e-007
3.879999999999961e+000	2.500000e+000	3.880000e+000	-2.235701e-007
3.889999999999961e+000	2.500000e+000	3.890000e+000	-2.296058e-007
3.899999999999961e+000	2.500000e+000	3.900000e+000	-2.357083e-007
3.909999999999961e+000	2.500000e+000	3.910000e+000	-2.418842e-007
3.919999999999960e+000	2.500000e+000	3.920000e+000	-2.481414e-007
3.929999999999960e+000	2.500000e+000	3.930000e+000	-2.544897e-007
3.939999999999960e+000	2.500000e+000	3.940000e+000	-2.609412e-007
3.949999999999960e+000	2.500000e+000	3.950000e+000	-2.675108e-007
3.959999999999960e+000	2.500000e+000	3.960000e+000	-2.742170e-007
3.969999999999959e+000	2.500000e+000	3.970000e+000	-2.810831e-007
3.979999999999959e+000	2.500000e+000	3.980000e+000	-2.881380e-007
3.989999999999959e+000	2.500000e+000	3.990000e+000	-2.954180e-007
3.999999999999959e+000	2.500000e+000	4.000000e+000	-3.029683e-007
4.009999999999959e+000	2.500000e+000	4.010000e+000	-3.108449e-007
4.019999999999959e+000	2.500000e+000	4.020000e+000	-3.191164e-007
4.029999999999959e+000	2.500000e+000	4.030000e+000	-3.278658e-007
4.039999999999958e+000	2.500000e+000	4.040000e+000	-3.371907e-007
4.049999999999958e+000	2.500000e+000	4.050000e+000	-3.472038e-007
4.059999999999958e+000	2.500000e+000	4.060000e+000	-3.580305e-007
4.069999999999958e+000	2.500000e+000	4.070000e+000	-3.698057e-007
4.079999999999957e+000	2.500000e+000	4.080000e+000	-3.826699e-007
4.089999999999957e+000	2.500000e+000	4.090000e+000	-3.967631e-007
4.099999999999957e+000	2.500000e+000	4.100000e+000	-4.122217e-007
4.109999999999957e+000	2.500000e+000	4.110000e+000	-4.291741e-007
4.119999999999957e+000	2.500000e+000	4.120000e+000	-4.477403e-007
4.129999999999956e+000	2.500000e+000	4.130000e+000	-4.680323e-007
4.139999999999956e+000	2.500000e+000	4.140000e+000	-4.901551e-007
4.149999999999956e+000	2.500000e+000	4.150000e+000	-5.142099e-007
4.159999999999956e+000	2.500000e+000	4.160000e+000	-5.402948e-007
4.169999999999956e+000	2.500000e+000	4.170000e+000	-5.685056e-007
4.179999999999955e+000	2.500000e+000	4.180000e+000	-5.989357e-007
4.189999999999955e+000	2.500000e+000	4.190000e+000	-6.316748e-007
4.199999999999955e+000	2.500000e+000	4.200000e+000	-6.668078e-007
4.209999999999955e+000	2.500000e+000	4.210000e+000	-7.044137e-007
4.219999999999955e+000	2.500000e+000	4.220000e+000	-7.445650e-007
4.229999999999954e+000	2.500000e+000	4.230000e+000	-7.873275e-007
4.239999999999954e+000	2.500000e+000	4.240000e+000	-8.327601e-007
4.249999999999954e+000	2.500000e+000	4.250000e+000	-8.809153e-007
4.259999999999954e+000	2.500000e+000	4.260000e+000	-9.318398e-007
4.269999999999953e+000	2.500000e+000	4.270000e+000	-9.855751e-007
4.279999999999953e+000	2.500000e+000	4.280000e+000	-1.042158e-006
4.289999999999953e+000	2.500000e+000	4.290000e+000	-1.101620e-006
4.299999999999953e+000	2.500000e+000	4.300000e+000	-1.163991e-006
4.309999999999953e+000	2.500000e+000	4.310000e+000	-1.229295e-006
4.319999999999952e+000	2.500000e+000	4.320000e+000	-1.297557e-006
4.329999999999952e+000	2.500000e+000	4.330000e+000	-1.368795e-006
4.339999999999952e+000	2.500000e+000	4.340000e+000	-1.443029e-006
4.349999999999952e+000	2.500000e+000	4.350000e+000	-1.520274e-006
4.359999999999952e+000	2.500000e+000	4.360000e+000	-1.600544e-006
4.369999999999951e+000	2.500000e+000	4.370000e+000	-1.683854e-006
4.379999999999951e+000	2.500000e+000	4.380000e+000	-1.770214e-006
4.389999999999951e+000	2.500000e+000	4.390000e+000	-1.859635e-006
4.399999999999951e+000	2.500000e+000	4.400000e+000	-1.952126e-006
4.409999999999950e+000	2.500000e+000	4.410000e+000	-2.047697e-006
4.419999999999950e+000	2.500000e+000	4.420000e+000	-2.146355e-006
4.429999999999950e+000	2.500000e+000	4.430000e+000	-2.248106e-006
4.439999999999950e+000	2.500000e+000	4.440000e+000	-2.352957e-006
4.449999999999950e+000	2.500000e+000	4.450000e+000	-2.460914e-006
4.459999999999949e+000	2.500000e+000	4.460000e+000	-2.571981e-006
4.469999999999949e+000	2.500000e+000	4.470000e+000	-2.686164e-006
4.479999999999949e+000	2.500000e+000	4.480000e+000	-2.803466e-006
4.489999999999949e+000	2.500000e+000	4.490000e+000	-2.923890e-006
4.499999999999949e+000	2.500000e+000	4.500000e+000	-3.047441e-006
4.509999999999948e+000	2.500000e+000	4.510000e+000	-3.174120e-006
4.519999999999948e+000	2.500000e+000	4.520000e+000	-3.303931e-006
4.529999999999948e+000	2.500000e+000	4.530000e+000	-3.436876e-006
4.539999999999948e+000	2.500000e+000	4.540000e+000	-3.572956e-006
4.549999999999947e+000	2.500000e+000	4.550000e+000	-3.712173e-006
4.559999999999947e+000	2.500000e+000	4.560000e+000	-3.854528e-006
4.569999999999947e+000	2.500000e+000	4.570000e+000	-4.000023e-006
4.579999999999947e+000	2.500000e+000	4.580000e+000	-4.148659e-006
4.589999999999947e+000	2.500000e+000	4.590000e+000	-4.300436e-006
4.599999999999946e+000	2.500000e+000	4.600000e+000	-4.455355e-006
4.609999999999946e+000	2.500000e+000	4.610000e+000	-4.613416e-006
4.619999999999946e+000	2.500000e+000	4.620000e+000	-4.774618e-006
4.629999999999946e+000	2.500000e+000	4.630000e+000	-4.938964e-006
4.639999999999946e+000	2.500000e+000	4.640000e+000	-5.106452e-006
4.649999999999945e+000	2.500000e+000	4.650000e+000	-5.277081e-006
4.659999999999945e+000	2.500000e+000	4.660000e+000	-5.450852e-006
4.669999999999945e+000	2.500000e+000	4.670000e+000	-5.627764e-006
4.679999999999945e+000	2.500000e+000	4.680000e+000	-5.807817e-006
4.689999999999944e+000	2.500000e+000	4.690000e+000	-5.991009e-006
4.699999999999944e+000	2.500000e+000	4.700000e+000	-6.177340e-006
4.709999999999944e+000	2.500000e+000	4.710000e+000	-6.366809e-006
4.719999999999944e+000	2.500000e+000	4.720000e+000	-6.559414e-006
4.729999999999944e+000	2.500000e+000	4.730000e+000	-6.755155e-006
4.739999999999943e+000	2.500000e+000	4.740000e+000	-6.954031e-006
4.749999999999943e+000	2.500000e+000	4.750000e+000	-7.156040e-006
4.759999999999943e+000	2.500000e+000	4.760000e+000	-7.361180e-006
4.769999999999943e+000	2.500000e+000	4.770000e+000	-7.569451e-006
4.779999999999943e+000	2.500000e+000	4.780000e+000	-7.780851e-006
4.789999999999942e+000	2.500000e+000	4.790000e+000	-7.995378e-006
4.799999999999942e+000	2.500000e+000	4.800000e+000	-8.213031e-006
4.809999999999942e+000	2.500000e+000	4.810000e+000	-8.433807e-006
4.819999999999942e+000	2.500000e+000	4.820000e+000	-8.657706e-006
4.829999999999942e+000	2.500000e+000	4.830000e+000	-8.884725e-006
4.839999999999941e+000	2.500000e+000	4.840000e+000	-9.114862e-006
4.849999999999941e+000	2.500000e+000	4.850000e+000	-9.348117e-006
4.859999999999941e+000	2.500000e+000	4.860000e+000	-9.584485e-006
4.869999999999941e+000	2.500000e+000	4.870000e+000	-9.823966e-006
4.879999999999940e+000	2.500000e+000	4.880000e+000	-1.006656e-005
4.889999999999940e+000	2.500000e+000	4.890000e+000	-1.031226e-005
4.899999999999940e+000	2.500000e+000	4.900000e+000	-1.056106e-005
4.909999999999940e+000	2.500000e+000	4.910000e+000	-1.081298e-005
4.919999999999940e+000	2.500000e+000	4.920000e+000	-1.106799e-005
4.929999999999939e+000	2.500000e+000	4.930000e+000	-1.132610e-005
4.939999999999939e+000	2.500000e+000	4.940000e+000	-1.158731e-005
4.949999999999939e+000	2.500000e+000	4.950000e+000	-1.185161e-005
4.959999999999939e+000	2.500000e+000	4.960000e+000	-1.211901e-005
4.969999999999939e+000	2.500000e+000	4.970000e+000	-1.238949e-005
4.979999999999938e+000	2.500000e+000	4.980000e+000	-1.266307e-005
4.989999999999938e+000	2.500000e+000	4.990000e+000	-1.293973e-005
5.000000000000000e+000	2.500000e+000	5.000000e+000	-1.321947e-005
