i1	I(I1)	I(I2)	Ix(U27:DRAIN)
0.000000000000000e+000	0.000000e+000	5.000000e-006	5.305764e-006
9.999999999999999e-009	1.000000e-008	5.000000e-006	5.295082e-006
2.000000000000000e-008	2.000000e-008	5.000000e-006	5.284456e-006
3.000000000000000e-008	3.000000e-008	5.000000e-006	5.273836e-006
3.999999999999999e-008	4.000000e-008	5.000000e-006	5.263229e-006
4.999999999999999e-008	5.000000e-008	5.000000e-006	5.252632e-006
6.000000000000000e-008	6.000000e-008	5.000000e-006	5.242045e-006
6.999999999999999e-008	7.000000e-008	5.000000e-006	5.231465e-006
7.999999999999999e-008	8.000000e-008	5.000000e-006	5.220892e-006
8.999999999999999e-008	9.000000e-008	5.000000e-006	5.210326e-006
9.999999999999998e-008	1.000000e-007	5.000000e-006	5.199764e-006
1.100000000000000e-007	1.100000e-007	5.000000e-006	5.189206e-006
1.200000000000000e-007	1.200000e-007	5.000000e-006	5.178653e-006
1.300000000000000e-007	1.300000e-007	5.000000e-006	5.168105e-006
1.400000000000000e-007	1.400000e-007	5.000000e-006	5.157559e-006
1.500000000000000e-007	1.500000e-007	5.000000e-006	5.147017e-006
1.600000000000000e-007	1.600000e-007	5.000000e-006	5.136478e-006
1.700000000000000e-007	1.700000e-007	5.000000e-006	5.125943e-006
1.800000000000001e-007	1.800000e-007	5.000000e-006	5.115409e-006
1.900000000000001e-007	1.900000e-007	5.000000e-006	5.104878e-006
2.000000000000001e-007	2.000000e-007	5.000000e-006	5.094350e-006
2.100000000000001e-007	2.100000e-007	5.000000e-006	5.083823e-006
2.200000000000001e-007	2.200000e-007	5.000000e-006	5.073300e-006
2.300000000000001e-007	2.300000e-007	5.000000e-006	5.062777e-006
2.400000000000001e-007	2.400000e-007	5.000000e-006	5.052257e-006
2.500000000000001e-007	2.500000e-007	5.000000e-006	5.041738e-006
2.600000000000001e-007	2.600000e-007	5.000000e-006	5.031222e-006
2.700000000000001e-007	2.700000e-007	5.000000e-006	5.020706e-006
2.800000000000001e-007	2.800000e-007	5.000000e-006	5.010193e-006
2.900000000000001e-007	2.900000e-007	5.000000e-006	4.999681e-006
3.000000000000002e-007	3.000000e-007	5.000000e-006	4.989170e-006
3.100000000000002e-007	3.100000e-007	5.000000e-006	4.978660e-006
3.200000000000002e-007	3.200000e-007	5.000000e-006	4.968152e-006
3.300000000000002e-007	3.300000e-007	5.000000e-006	4.957645e-006
3.400000000000002e-007	3.400000e-007	5.000000e-006	4.947139e-006
3.500000000000002e-007	3.500000e-007	5.000000e-006	4.936634e-006
3.600000000000002e-007	3.600000e-007	5.000000e-006	4.926131e-006
3.700000000000002e-007	3.700000e-007	5.000000e-006	4.915628e-006
3.800000000000002e-007	3.800000e-007	5.000000e-006	4.905126e-006
3.900000000000002e-007	3.900000e-007	5.000000e-006	4.894626e-006
4.000000000000003e-007	4.000000e-007	5.000000e-006	4.884126e-006
4.100000000000003e-007	4.100000e-007	5.000000e-006	4.873627e-006
4.200000000000003e-007	4.200000e-007	5.000000e-006	4.863129e-006
4.300000000000003e-007	4.300000e-007	5.000000e-006	4.852632e-006
4.400000000000003e-007	4.400000e-007	5.000000e-006	4.842136e-006
4.500000000000003e-007	4.500000e-007	5.000000e-006	4.831640e-006
4.600000000000003e-007	4.600000e-007	5.000000e-006	4.821145e-006
4.700000000000003e-007	4.700000e-007	5.000000e-006	4.810651e-006
4.800000000000003e-007	4.800000e-007	5.000000e-006	4.800158e-006
4.900000000000003e-007	4.900000e-007	5.000000e-006	4.789665e-006
5.000000000000003e-007	5.000000e-007	5.000000e-006	4.779173e-006
5.100000000000003e-007	5.100000e-007	5.000000e-006	4.768682e-006
5.200000000000003e-007	5.200000e-007	5.000000e-006	4.758191e-006
5.300000000000003e-007	5.300000e-007	5.000000e-006	4.747701e-006
5.400000000000003e-007	5.400000e-007	5.000000e-006	4.737211e-006
5.500000000000004e-007	5.500000e-007	5.000000e-006	4.726722e-006
5.600000000000004e-007	5.600000e-007	5.000000e-006	4.716234e-006
5.700000000000004e-007	5.700000e-007	5.000000e-006	4.705746e-006
5.800000000000004e-007	5.800000e-007	5.000000e-006	4.695258e-006
5.900000000000004e-007	5.900000e-007	5.000000e-006	4.684771e-006
6.000000000000004e-007	6.000000e-007	5.000000e-006	4.674285e-006
6.100000000000004e-007	6.100000e-007	5.000000e-006	4.663799e-006
6.200000000000004e-007	6.200000e-007	5.000000e-006	4.653314e-006
6.300000000000004e-007	6.300000e-007	5.000000e-006	4.642829e-006
6.400000000000004e-007	6.400000e-007	5.000000e-006	4.632344e-006
6.500000000000005e-007	6.500000e-007	5.000000e-006	4.621860e-006
6.600000000000005e-007	6.600000e-007	5.000000e-006	4.611376e-006
6.700000000000005e-007	6.700000e-007	5.000000e-006	4.600893e-006
6.800000000000005e-007	6.800000e-007	5.000000e-006	4.590410e-006
6.900000000000005e-007	6.900000e-007	5.000000e-006	4.579927e-006
7.000000000000005e-007	7.000000e-007	5.000000e-006	4.569445e-006
7.100000000000005e-007	7.100000e-007	5.000000e-006	4.558963e-006
7.200000000000005e-007	7.200000e-007	5.000000e-006	4.548482e-006
7.300000000000005e-007	7.300000e-007	5.000000e-006	4.538000e-006
7.400000000000005e-007	7.400000e-007	5.000000e-006	4.527520e-006
7.500000000000006e-007	7.500000e-007	5.000000e-006	4.517039e-006
7.600000000000006e-007	7.600000e-007	5.000000e-006	4.506559e-006
7.700000000000006e-007	7.700000e-007	5.000000e-006	4.496079e-006
7.800000000000006e-007	7.800000e-007	5.000000e-006	4.485599e-006
7.900000000000006e-007	7.900000e-007	5.000000e-006	4.475120e-006
8.000000000000006e-007	8.000000e-007	5.000000e-006	4.464641e-006
8.100000000000006e-007	8.100000e-007	5.000000e-006	4.454163e-006
8.200000000000006e-007	8.200000e-007	5.000000e-006	4.443684e-006
8.300000000000006e-007	8.300000e-007	5.000000e-006	4.433206e-006
8.400000000000006e-007	8.400000e-007	5.000000e-006	4.422728e-006
8.500000000000007e-007	8.500000e-007	5.000000e-006	4.412250e-006
8.600000000000007e-007	8.600000e-007	5.000000e-006	4.401772e-006
8.700000000000007e-007	8.700000e-007	5.000000e-006	4.391295e-006
8.800000000000007e-007	8.800000e-007	5.000000e-006	4.380818e-006
8.900000000000007e-007	8.900000e-007	5.000000e-006	4.370342e-006
9.000000000000007e-007	9.000000e-007	5.000000e-006	4.359865e-006
9.100000000000007e-007	9.100000e-007	5.000000e-006	4.349388e-006
9.200000000000007e-007	9.200000e-007	5.000000e-006	4.338912e-006
9.300000000000007e-007	9.300000e-007	5.000000e-006	4.328436e-006
9.400000000000007e-007	9.400000e-007	5.000000e-006	4.317961e-006
9.500000000000008e-007	9.500000e-007	5.000000e-006	4.307485e-006
9.600000000000008e-007	9.600000e-007	5.000000e-006	4.297010e-006
9.700000000000007e-007	9.700000e-007	5.000000e-006	4.286534e-006
9.800000000000006e-007	9.800000e-007	5.000000e-006	4.276059e-006
9.900000000000005e-007	9.900000e-007	5.000000e-006	4.265584e-006
1.000000000000000e-006	1.000000e-006	5.000000e-006	4.255110e-006
1.010000000000000e-006	1.010000e-006	5.000000e-006	4.244635e-006
1.020000000000000e-006	1.020000e-006	5.000000e-006	4.234161e-006
1.030000000000000e-006	1.030000e-006	5.000000e-006	4.223686e-006
1.040000000000000e-006	1.040000e-006	5.000000e-006	4.213212e-006
1.050000000000000e-006	1.050000e-006	5.000000e-006	4.202738e-006
1.060000000000000e-006	1.060000e-006	5.000000e-006	4.192264e-006
1.070000000000000e-006	1.070000e-006	5.000000e-006	4.181791e-006
1.080000000000000e-006	1.080000e-006	5.000000e-006	4.171317e-006
1.090000000000000e-006	1.090000e-006	5.000000e-006	4.160844e-006
1.099999999999999e-006	1.100000e-006	5.000000e-006	4.150370e-006
1.109999999999999e-006	1.110000e-006	5.000000e-006	4.139897e-006
1.119999999999999e-006	1.120000e-006	5.000000e-006	4.129424e-006
1.129999999999999e-006	1.130000e-006	5.000000e-006	4.118951e-006
1.139999999999999e-006	1.140000e-006	5.000000e-006	4.108478e-006
1.149999999999999e-006	1.150000e-006	5.000000e-006	4.098005e-006
1.159999999999999e-006	1.160000e-006	5.000000e-006	4.087532e-006
1.169999999999999e-006	1.170000e-006	5.000000e-006	4.077059e-006
1.179999999999999e-006	1.180000e-006	5.000000e-006	4.066587e-006
1.189999999999999e-006	1.190000e-006	5.000000e-006	4.056114e-006
1.199999999999999e-006	1.200000e-006	5.000000e-006	4.045642e-006
1.209999999999998e-006	1.210000e-006	5.000000e-006	4.035169e-006
1.219999999999998e-006	1.220000e-006	5.000000e-006	4.024697e-006
1.229999999999998e-006	1.230000e-006	5.000000e-006	4.014225e-006
1.239999999999998e-006	1.240000e-006	5.000000e-006	4.003753e-006
1.249999999999998e-006	1.250000e-006	5.000000e-006	3.993281e-006
1.259999999999998e-006	1.260000e-006	5.000000e-006	3.982809e-006
1.269999999999998e-006	1.270000e-006	5.000000e-006	3.972337e-006
1.279999999999998e-006	1.280000e-006	5.000000e-006	3.961865e-006
1.289999999999998e-006	1.290000e-006	5.000000e-006	3.951393e-006
1.299999999999998e-006	1.300000e-006	5.000000e-006	3.940921e-006
1.309999999999997e-006	1.310000e-006	5.000000e-006	3.930449e-006
1.319999999999997e-006	1.320000e-006	5.000000e-006	3.919978e-006
1.329999999999997e-006	1.330000e-006	5.000000e-006	3.909506e-006
1.339999999999997e-006	1.340000e-006	5.000000e-006	3.899034e-006
1.349999999999997e-006	1.350000e-006	5.000000e-006	3.888562e-006
1.359999999999997e-006	1.360000e-006	5.000000e-006	3.878091e-006
1.369999999999997e-006	1.370000e-006	5.000000e-006	3.867619e-006
1.379999999999997e-006	1.380000e-006	5.000000e-006	3.857147e-006
1.389999999999997e-006	1.390000e-006	5.000000e-006	3.846676e-006
1.399999999999997e-006	1.400000e-006	5.000000e-006	3.836205e-006
1.409999999999997e-006	1.410000e-006	5.000000e-006	3.825733e-006
1.419999999999996e-006	1.420000e-006	5.000000e-006	3.815262e-006
1.429999999999996e-006	1.430000e-006	5.000000e-006	3.804790e-006
1.439999999999996e-006	1.440000e-006	5.000000e-006	3.794318e-006
1.449999999999996e-006	1.450000e-006	5.000000e-006	3.783847e-006
1.459999999999996e-006	1.460000e-006	5.000000e-006	3.773376e-006
1.469999999999996e-006	1.470000e-006	5.000000e-006	3.762904e-006
1.479999999999996e-006	1.480000e-006	5.000000e-006	3.752433e-006
1.489999999999996e-006	1.490000e-006	5.000000e-006	3.741961e-006
1.499999999999996e-006	1.500000e-006	5.000000e-006	3.731489e-006
1.509999999999996e-006	1.510000e-006	5.000000e-006	3.721018e-006
1.519999999999995e-006	1.520000e-006	5.000000e-006	3.710546e-006
1.529999999999995e-006	1.530000e-006	5.000000e-006	3.700075e-006
1.539999999999995e-006	1.540000e-006	5.000000e-006	3.689603e-006
1.549999999999995e-006	1.550000e-006	5.000000e-006	3.679132e-006
1.559999999999995e-006	1.560000e-006	5.000000e-006	3.668660e-006
1.569999999999995e-006	1.570000e-006	5.000000e-006	3.658188e-006
1.579999999999995e-006	1.580000e-006	5.000000e-006	3.647717e-006
1.589999999999995e-006	1.590000e-006	5.000000e-006	3.637245e-006
1.599999999999995e-006	1.600000e-006	5.000000e-006	3.626773e-006
1.609999999999995e-006	1.610000e-006	5.000000e-006	3.616301e-006
1.619999999999994e-006	1.620000e-006	5.000000e-006	3.605830e-006
1.629999999999994e-006	1.630000e-006	5.000000e-006	3.595358e-006
1.639999999999994e-006	1.640000e-006	5.000000e-006	3.584886e-006
1.649999999999994e-006	1.650000e-006	5.000000e-006	3.574414e-006
1.659999999999994e-006	1.660000e-006	5.000000e-006	3.563942e-006
1.669999999999994e-006	1.670000e-006	5.000000e-006	3.553470e-006
1.679999999999994e-006	1.680000e-006	5.000000e-006	3.542998e-006
1.689999999999994e-006	1.690000e-006	5.000000e-006	3.532526e-006
1.699999999999994e-006	1.700000e-006	5.000000e-006	3.522053e-006
1.709999999999994e-006	1.710000e-006	5.000000e-006	3.511581e-006
1.719999999999994e-006	1.720000e-006	5.000000e-006	3.501109e-006
1.729999999999993e-006	1.730000e-006	5.000000e-006	3.490637e-006
1.739999999999993e-006	1.740000e-006	5.000000e-006	3.480164e-006
1.749999999999993e-006	1.750000e-006	5.000000e-006	3.469692e-006
1.759999999999993e-006	1.760000e-006	5.000000e-006	3.459219e-006
1.769999999999993e-006	1.770000e-006	5.000000e-006	3.448746e-006
1.779999999999993e-006	1.780000e-006	5.000000e-006	3.438274e-006
1.789999999999993e-006	1.790000e-006	5.000000e-006	3.427801e-006
1.799999999999993e-006	1.800000e-006	5.000000e-006	3.417328e-006
1.809999999999993e-006	1.810000e-006	5.000000e-006	3.406855e-006
1.819999999999993e-006	1.820000e-006	5.000000e-006	3.396382e-006
1.829999999999992e-006	1.830000e-006	5.000000e-006	3.385909e-006
1.839999999999992e-006	1.840000e-006	5.000000e-006	3.375436e-006
1.849999999999992e-006	1.850000e-006	5.000000e-006	3.364962e-006
1.859999999999992e-006	1.860000e-006	5.000000e-006	3.354489e-006
1.869999999999992e-006	1.870000e-006	5.000000e-006	3.344016e-006
1.879999999999992e-006	1.880000e-006	5.000000e-006	3.333542e-006
1.889999999999992e-006	1.890000e-006	5.000000e-006	3.323068e-006
1.899999999999992e-006	1.900000e-006	5.000000e-006	3.312595e-006
1.909999999999992e-006	1.910000e-006	5.000000e-006	3.302121e-006
1.919999999999992e-006	1.920000e-006	5.000000e-006	3.291647e-006
1.929999999999992e-006	1.930000e-006	5.000000e-006	3.281173e-006
1.939999999999992e-006	1.940000e-006	5.000000e-006	3.270699e-006
1.949999999999992e-006	1.950000e-006	5.000000e-006	3.260224e-006
1.959999999999991e-006	1.960000e-006	5.000000e-006	3.249750e-006
1.969999999999991e-006	1.970000e-006	5.000000e-006	3.239275e-006
1.979999999999991e-006	1.980000e-006	5.000000e-006	3.228801e-006
1.989999999999991e-006	1.990000e-006	5.000000e-006	3.218326e-006
1.999999999999991e-006	2.000000e-006	5.000000e-006	3.207851e-006
2.009999999999991e-006	2.010000e-006	5.000000e-006	3.197376e-006
2.019999999999991e-006	2.020000e-006	5.000000e-006	3.186901e-006
2.029999999999991e-006	2.030000e-006	5.000000e-006	3.176426e-006
2.039999999999991e-006	2.040000e-006	5.000000e-006	3.165951e-006
2.049999999999991e-006	2.050000e-006	5.000000e-006	3.155475e-006
2.059999999999990e-006	2.060000e-006	5.000000e-006	3.145000e-006
2.069999999999990e-006	2.070000e-006	5.000000e-006	3.134524e-006
2.079999999999990e-006	2.080000e-006	5.000000e-006	3.124048e-006
2.089999999999990e-006	2.090000e-006	5.000000e-006	3.113572e-006
2.099999999999990e-006	2.100000e-006	5.000000e-006	3.103096e-006
2.109999999999990e-006	2.110000e-006	5.000000e-006	3.092620e-006
2.119999999999990e-006	2.120000e-006	5.000000e-006	3.082143e-006
2.129999999999990e-006	2.130000e-006	5.000000e-006	3.071667e-006
2.139999999999990e-006	2.140000e-006	5.000000e-006	3.061190e-006
2.149999999999990e-006	2.150000e-006	5.000000e-006	3.050713e-006
2.159999999999990e-006	2.160000e-006	5.000000e-006	3.040236e-006
2.169999999999989e-006	2.170000e-006	5.000000e-006	3.029759e-006
2.179999999999989e-006	2.180000e-006	5.000000e-006	3.019282e-006
2.189999999999989e-006	2.190000e-006	5.000000e-006	3.008804e-006
2.199999999999989e-006	2.200000e-006	5.000000e-006	2.998327e-006
2.209999999999989e-006	2.210000e-006	5.000000e-006	2.987849e-006
2.219999999999989e-006	2.220000e-006	5.000000e-006	2.977371e-006
2.229999999999989e-006	2.230000e-006	5.000000e-006	2.966893e-006
2.239999999999989e-006	2.240000e-006	5.000000e-006	2.956415e-006
2.249999999999989e-006	2.250000e-006	5.000000e-006	2.945936e-006
2.259999999999989e-006	2.260000e-006	5.000000e-006	2.935458e-006
2.269999999999988e-006	2.270000e-006	5.000000e-006	2.924979e-006
2.279999999999988e-006	2.280000e-006	5.000000e-006	2.914500e-006
2.289999999999988e-006	2.290000e-006	5.000000e-006	2.904021e-006
2.299999999999988e-006	2.300000e-006	5.000000e-006	2.893542e-006
2.309999999999988e-006	2.310000e-006	5.000000e-006	2.883062e-006
2.319999999999988e-006	2.320000e-006	5.000000e-006	2.872582e-006
2.329999999999988e-006	2.330000e-006	5.000000e-006	2.862103e-006
2.339999999999988e-006	2.340000e-006	5.000000e-006	2.851623e-006
2.349999999999988e-006	2.350000e-006	5.000000e-006	2.841143e-006
2.359999999999988e-006	2.360000e-006	5.000000e-006	2.830662e-006
2.369999999999988e-006	2.370000e-006	5.000000e-006	2.820181e-006
2.379999999999987e-006	2.380000e-006	5.000000e-006	2.809701e-006
2.389999999999987e-006	2.390000e-006	5.000000e-006	2.799220e-006
2.399999999999987e-006	2.400000e-006	5.000000e-006	2.788739e-006
2.409999999999987e-006	2.410000e-006	5.000000e-006	2.778257e-006
2.419999999999987e-006	2.420000e-006	5.000000e-006	2.767776e-006
2.429999999999987e-006	2.430000e-006	5.000000e-006	2.757294e-006
2.439999999999987e-006	2.440000e-006	5.000000e-006	2.746812e-006
2.449999999999987e-006	2.450000e-006	5.000000e-006	2.736330e-006
2.459999999999987e-006	2.460000e-006	5.000000e-006	2.725847e-006
2.469999999999987e-006	2.470000e-006	5.000000e-006	2.715365e-006
2.479999999999986e-006	2.480000e-006	5.000000e-006	2.704882e-006
2.489999999999986e-006	2.490000e-006	5.000000e-006	2.694399e-006
2.499999999999986e-006	2.500000e-006	5.000000e-006	2.683915e-006
2.509999999999986e-006	2.510000e-006	5.000000e-006	2.673432e-006
2.519999999999986e-006	2.520000e-006	5.000000e-006	2.662948e-006
2.529999999999986e-006	2.530000e-006	5.000000e-006	2.652464e-006
2.539999999999986e-006	2.540000e-006	5.000000e-006	2.641980e-006
2.549999999999986e-006	2.550000e-006	5.000000e-006	2.631496e-006
2.559999999999986e-006	2.560000e-006	5.000000e-006	2.621011e-006
2.569999999999986e-006	2.570000e-006	5.000000e-006	2.610527e-006
2.579999999999986e-006	2.580000e-006	5.000000e-006	2.600041e-006
2.589999999999985e-006	2.590000e-006	5.000000e-006	2.589556e-006
2.599999999999985e-006	2.600000e-006	5.000000e-006	2.579070e-006
2.609999999999985e-006	2.610000e-006	5.000000e-006	2.568585e-006
2.619999999999985e-006	2.620000e-006	5.000000e-006	2.558099e-006
2.629999999999985e-006	2.630000e-006	5.000000e-006	2.547612e-006
2.639999999999985e-006	2.640000e-006	5.000000e-006	2.537126e-006
2.649999999999985e-006	2.650000e-006	5.000000e-006	2.526639e-006
2.659999999999985e-006	2.660000e-006	5.000000e-006	2.516152e-006
2.669999999999985e-006	2.670000e-006	5.000000e-006	2.505664e-006
2.679999999999985e-006	2.680000e-006	5.000000e-006	2.495177e-006
2.689999999999984e-006	2.690000e-006	5.000000e-006	2.484689e-006
2.699999999999984e-006	2.700000e-006	5.000000e-006	2.474201e-006
2.709999999999984e-006	2.710000e-006	5.000000e-006	2.463713e-006
2.719999999999984e-006	2.720000e-006	5.000000e-006	2.453224e-006
2.729999999999984e-006	2.730000e-006	5.000000e-006	2.442735e-006
2.739999999999984e-006	2.740000e-006	5.000000e-006	2.432246e-006
2.749999999999984e-006	2.750000e-006	5.000000e-006	2.421757e-006
2.759999999999984e-006	2.760000e-006	5.000000e-006	2.411267e-006
2.769999999999984e-006	2.770000e-006	5.000000e-006	2.400777e-006
2.779999999999984e-006	2.780000e-006	5.000000e-006	2.390286e-006
2.789999999999984e-006	2.790000e-006	5.000000e-006	2.379796e-006
2.799999999999983e-006	2.800000e-006	5.000000e-006	2.369305e-006
2.809999999999983e-006	2.810000e-006	5.000000e-006	2.358814e-006
2.819999999999983e-006	2.820000e-006	5.000000e-006	2.348322e-006
2.829999999999983e-006	2.830000e-006	5.000000e-006	2.337831e-006
2.839999999999983e-006	2.840000e-006	5.000000e-006	2.327339e-006
2.849999999999983e-006	2.850000e-006	5.000000e-006	2.316846e-006
2.859999999999983e-006	2.860000e-006	5.000000e-006	2.306354e-006
2.869999999999983e-006	2.870000e-006	5.000000e-006	2.295861e-006
2.879999999999983e-006	2.880000e-006	5.000000e-006	2.285367e-006
2.889999999999983e-006	2.890000e-006	5.000000e-006	2.274874e-006
2.899999999999982e-006	2.900000e-006	5.000000e-006	2.264380e-006
2.909999999999982e-006	2.910000e-006	5.000000e-006	2.253886e-006
2.919999999999982e-006	2.920000e-006	5.000000e-006	2.243391e-006
2.929999999999982e-006	2.930000e-006	5.000000e-006	2.232896e-006
2.939999999999982e-006	2.940000e-006	5.000000e-006	2.222401e-006
2.949999999999982e-006	2.950000e-006	5.000000e-006	2.211906e-006
2.959999999999982e-006	2.960000e-006	5.000000e-006	2.201410e-006
2.969999999999982e-006	2.970000e-006	5.000000e-006	2.190914e-006
2.979999999999982e-006	2.980000e-006	5.000000e-006	2.180417e-006
2.989999999999982e-006	2.990000e-006	5.000000e-006	2.169920e-006
2.999999999999981e-006	3.000000e-006	5.000000e-006	2.159423e-006
3.009999999999981e-006	3.010000e-006	5.000000e-006	2.148926e-006
3.019999999999981e-006	3.020000e-006	5.000000e-006	2.138428e-006
3.029999999999981e-006	3.030000e-006	5.000000e-006	2.127930e-006
3.039999999999981e-006	3.040000e-006	5.000000e-006	2.117431e-006
3.049999999999981e-006	3.050000e-006	5.000000e-006	2.106932e-006
3.059999999999981e-006	3.060000e-006	5.000000e-006	2.096433e-006
3.069999999999981e-006	3.070000e-006	5.000000e-006	2.085933e-006
3.079999999999981e-006	3.080000e-006	5.000000e-006	2.075433e-006
3.089999999999981e-006	3.090000e-006	5.000000e-006	2.064933e-006
3.099999999999981e-006	3.100000e-006	5.000000e-006	2.054432e-006
3.109999999999980e-006	3.110000e-006	5.000000e-006	2.043931e-006
3.119999999999980e-006	3.120000e-006	5.000000e-006	2.033429e-006
3.129999999999980e-006	3.130000e-006	5.000000e-006	2.022927e-006
3.139999999999980e-006	3.140000e-006	5.000000e-006	2.012425e-006
3.149999999999980e-006	3.150000e-006	5.000000e-006	2.001922e-006
3.159999999999980e-006	3.160000e-006	5.000000e-006	1.991419e-006
3.169999999999980e-006	3.170000e-006	5.000000e-006	1.980916e-006
3.179999999999980e-006	3.180000e-006	5.000000e-006	1.970412e-006
3.189999999999980e-006	3.190000e-006	5.000000e-006	1.959908e-006
3.199999999999980e-006	3.200000e-006	5.000000e-006	1.949403e-006
3.209999999999979e-006	3.210000e-006	5.000000e-006	1.938898e-006
3.219999999999979e-006	3.220000e-006	5.000000e-006	1.928393e-006
3.229999999999979e-006	3.230000e-006	5.000000e-006	1.917887e-006
3.239999999999979e-006	3.240000e-006	5.000000e-006	1.907380e-006
3.249999999999979e-006	3.250000e-006	5.000000e-006	1.896874e-006
3.259999999999979e-006	3.260000e-006	5.000000e-006	1.886366e-006
3.269999999999979e-006	3.270000e-006	5.000000e-006	1.875859e-006
3.279999999999979e-006	3.280000e-006	5.000000e-006	1.865351e-006
3.289999999999979e-006	3.290000e-006	5.000000e-006	1.854842e-006
3.299999999999979e-006	3.300000e-006	5.000000e-006	1.844333e-006
3.309999999999979e-006	3.310000e-006	5.000000e-006	1.833824e-006
3.319999999999978e-006	3.320000e-006	5.000000e-006	1.823314e-006
3.329999999999978e-006	3.330000e-006	5.000000e-006	1.812804e-006
3.339999999999978e-006	3.340000e-006	5.000000e-006	1.802293e-006
3.349999999999978e-006	3.350000e-006	5.000000e-006	1.791782e-006
3.359999999999978e-006	3.360000e-006	5.000000e-006	1.781270e-006
3.369999999999978e-006	3.370000e-006	5.000000e-006	1.770758e-006
3.379999999999978e-006	3.380000e-006	5.000000e-006	1.760246e-006
3.389999999999978e-006	3.390000e-006	5.000000e-006	1.749733e-006
3.399999999999978e-006	3.400000e-006	5.000000e-006	1.739219e-006
3.409999999999978e-006	3.410000e-006	5.000000e-006	1.728705e-006
3.419999999999977e-006	3.420000e-006	5.000000e-006	1.718190e-006
3.429999999999977e-006	3.430000e-006	5.000000e-006	1.707675e-006
3.439999999999977e-006	3.440000e-006	5.000000e-006	1.697160e-006
3.449999999999977e-006	3.450000e-006	5.000000e-006	1.686644e-006
3.459999999999977e-006	3.460000e-006	5.000000e-006	1.676127e-006
3.469999999999977e-006	3.470000e-006	5.000000e-006	1.665610e-006
3.479999999999977e-006	3.480000e-006	5.000000e-006	1.655092e-006
3.489999999999977e-006	3.490000e-006	5.000000e-006	1.644574e-006
3.499999999999977e-006	3.500000e-006	5.000000e-006	1.634056e-006
3.509999999999977e-006	3.510000e-006	5.000000e-006	1.623537e-006
3.519999999999977e-006	3.520000e-006	5.000000e-006	1.613017e-006
3.529999999999976e-006	3.530000e-006	5.000000e-006	1.602497e-006
3.539999999999976e-006	3.540000e-006	5.000000e-006	1.591976e-006
3.549999999999976e-006	3.550000e-006	5.000000e-006	1.581454e-006
3.559999999999976e-006	3.560000e-006	5.000000e-006	1.570933e-006
3.569999999999976e-006	3.570000e-006	5.000000e-006	1.560410e-006
3.579999999999976e-006	3.580000e-006	5.000000e-006	1.549887e-006
3.589999999999976e-006	3.590000e-006	5.000000e-006	1.539363e-006
3.599999999999976e-006	3.600000e-006	5.000000e-006	1.528839e-006
3.609999999999976e-006	3.610000e-006	5.000000e-006	1.518314e-006
3.619999999999976e-006	3.620000e-006	5.000000e-006	1.507789e-006
3.629999999999975e-006	3.630000e-006	5.000000e-006	1.497263e-006
3.639999999999975e-006	3.640000e-006	5.000000e-006	1.486737e-006
3.649999999999975e-006	3.650000e-006	5.000000e-006	1.476209e-006
3.659999999999975e-006	3.660000e-006	5.000000e-006	1.465682e-006
3.669999999999975e-006	3.670000e-006	5.000000e-006	1.455153e-006
3.679999999999975e-006	3.680000e-006	5.000000e-006	1.444624e-006
3.689999999999975e-006	3.690000e-006	5.000000e-006	1.434095e-006
3.699999999999975e-006	3.700000e-006	5.000000e-006	1.423564e-006
3.709999999999975e-006	3.710000e-006	5.000000e-006	1.413033e-006
3.719999999999975e-006	3.720000e-006	5.000000e-006	1.402502e-006
3.729999999999975e-006	3.730000e-006	5.000000e-006	1.391969e-006
3.739999999999974e-006	3.740000e-006	5.000000e-006	1.381437e-006
3.749999999999974e-006	3.750000e-006	5.000000e-006	1.370903e-006
3.759999999999974e-006	3.760000e-006	5.000000e-006	1.360369e-006
3.769999999999974e-006	3.770000e-006	5.000000e-006	1.349834e-006
3.779999999999974e-006	3.780000e-006	5.000000e-006	1.339298e-006
3.789999999999974e-006	3.790000e-006	5.000000e-006	1.328762e-006
3.799999999999974e-006	3.800000e-006	5.000000e-006	1.318225e-006
3.809999999999974e-006	3.810000e-006	5.000000e-006	1.307687e-006
3.819999999999974e-006	3.820000e-006	5.000000e-006	1.297149e-006
3.829999999999974e-006	3.830000e-006	5.000000e-006	1.286610e-006
3.839999999999973e-006	3.840000e-006	5.000000e-006	1.276070e-006
3.849999999999973e-006	3.850000e-006	5.000000e-006	1.265529e-006
3.859999999999973e-006	3.860000e-006	5.000000e-006	1.254988e-006
3.869999999999973e-006	3.870000e-006	5.000000e-006	1.244445e-006
3.879999999999973e-006	3.880000e-006	5.000000e-006	1.233902e-006
3.889999999999973e-006	3.890000e-006	5.000000e-006	1.223359e-006
3.899999999999973e-006	3.900000e-006	5.000000e-006	1.212814e-006
3.909999999999973e-006	3.910000e-006	5.000000e-006	1.202269e-006
3.919999999999973e-006	3.920000e-006	5.000000e-006	1.191723e-006
3.929999999999973e-006	3.930000e-006	5.000000e-006	1.181176e-006
3.939999999999972e-006	3.940000e-006	5.000000e-006	1.170628e-006
3.949999999999972e-006	3.950000e-006	5.000000e-006	1.160080e-006
3.959999999999972e-006	3.960000e-006	5.000000e-006	1.149531e-006
3.969999999999972e-006	3.970000e-006	5.000000e-006	1.138981e-006
3.979999999999972e-006	3.980000e-006	5.000000e-006	1.128430e-006
3.989999999999972e-006	3.990000e-006	5.000000e-006	1.117878e-006
3.999999999999972e-006	4.000000e-006	5.000000e-006	1.107325e-006
4.009999999999972e-006	4.010000e-006	5.000000e-006	1.096771e-006
4.019999999999972e-006	4.020000e-006	5.000000e-006	1.086217e-006
4.029999999999972e-006	4.030000e-006	5.000000e-006	1.075661e-006
4.039999999999972e-006	4.040000e-006	5.000000e-006	1.065105e-006
4.049999999999971e-006	4.050000e-006	5.000000e-006	1.054548e-006
4.059999999999971e-006	4.060000e-006	5.000000e-006	1.043990e-006
4.069999999999971e-006	4.070000e-006	5.000000e-006	1.033431e-006
4.079999999999971e-006	4.080000e-006	5.000000e-006	1.022870e-006
4.089999999999971e-006	4.090000e-006	5.000000e-006	1.012309e-006
4.099999999999971e-006	4.100000e-006	5.000000e-006	1.001747e-006
4.109999999999971e-006	4.110000e-006	5.000000e-006	9.911845e-007
4.119999999999971e-006	4.120000e-006	5.000000e-006	9.806205e-007
4.129999999999971e-006	4.130000e-006	5.000000e-006	9.700556e-007
4.139999999999971e-006	4.140000e-006	5.000000e-006	9.594895e-007
4.149999999999970e-006	4.150000e-006	5.000000e-006	9.489225e-007
4.159999999999970e-006	4.160000e-006	5.000000e-006	9.383544e-007
4.169999999999970e-006	4.170000e-006	5.000000e-006	9.277853e-007
4.179999999999970e-006	4.180000e-006	5.000000e-006	9.172151e-007
4.189999999999970e-006	4.190000e-006	5.000000e-006	9.066438e-007
4.199999999999970e-006	4.200000e-006	5.000000e-006	8.960714e-007
4.209999999999970e-006	4.210000e-006	5.000000e-006	8.854979e-007
4.219999999999970e-006	4.220000e-006	5.000000e-006	8.749232e-007
4.229999999999970e-006	4.230000e-006	5.000000e-006	8.643474e-007
4.239999999999970e-006	4.240000e-006	5.000000e-006	8.537705e-007
4.249999999999970e-006	4.250000e-006	5.000000e-006	8.431925e-007
4.259999999999969e-006	4.260000e-006	5.000000e-006	8.326132e-007
4.269999999999969e-006	4.270000e-006	5.000000e-006	8.220327e-007
4.279999999999969e-006	4.280000e-006	5.000000e-006	8.114511e-007
4.289999999999969e-006	4.290000e-006	5.000000e-006	8.008681e-007
4.299999999999969e-006	4.300000e-006	5.000000e-006	7.902840e-007
4.309999999999969e-006	4.310000e-006	5.000000e-006	7.796986e-007
4.319999999999969e-006	4.320000e-006	5.000000e-006	7.691119e-007
4.329999999999969e-006	4.330000e-006	5.000000e-006	7.585239e-007
4.339999999999969e-006	4.340000e-006	5.000000e-006	7.479347e-007
4.349999999999969e-006	4.350000e-006	5.000000e-006	7.373441e-007
4.359999999999968e-006	4.360000e-006	5.000000e-006	7.267521e-007
4.369999999999968e-006	4.370000e-006	5.000000e-006	7.161588e-007
4.379999999999968e-006	4.380000e-006	5.000000e-006	7.055642e-007
4.389999999999968e-006	4.390000e-006	5.000000e-006	6.949681e-007
4.399999999999968e-006	4.400000e-006	5.000000e-006	6.843706e-007
4.409999999999968e-006	4.410000e-006	5.000000e-006	6.737717e-007
4.419999999999968e-006	4.420000e-006	5.000000e-006	6.631713e-007
4.429999999999968e-006	4.430000e-006	5.000000e-006	6.525695e-007
4.439999999999968e-006	4.440000e-006	5.000000e-006	6.419662e-007
4.449999999999968e-006	4.450000e-006	5.000000e-006	6.313614e-007
4.459999999999968e-006	4.460000e-006	5.000000e-006	6.207550e-007
4.469999999999967e-006	4.470000e-006	5.000000e-006	6.101471e-007
4.479999999999967e-006	4.480000e-006	5.000000e-006	5.995377e-007
4.489999999999967e-006	4.490000e-006	5.000000e-006	5.889267e-007
4.499999999999967e-006	4.500000e-006	5.000000e-006	5.783141e-007
4.509999999999967e-006	4.510000e-006	5.000000e-006	5.676999e-007
4.519999999999967e-006	4.520000e-006	5.000000e-006	5.570840e-007
4.529999999999967e-006	4.530000e-006	5.000000e-006	5.464665e-007
4.539999999999967e-006	4.540000e-006	5.000000e-006	5.358473e-007
4.549999999999967e-006	4.550000e-006	5.000000e-006	5.252265e-007
4.559999999999967e-006	4.560000e-006	5.000000e-006	5.146039e-007
4.569999999999966e-006	4.570000e-006	5.000000e-006	5.039797e-007
4.579999999999966e-006	4.580000e-006	5.000000e-006	4.933537e-007
4.589999999999966e-006	4.590000e-006	5.000000e-006	4.827259e-007
4.599999999999966e-006	4.600000e-006	5.000000e-006	4.720964e-007
4.609999999999966e-006	4.610000e-006	5.000000e-006	4.614651e-007
4.619999999999966e-006	4.620000e-006	5.000000e-006	4.508321e-007
4.629999999999966e-006	4.630000e-006	5.000000e-006	4.401973e-007
4.639999999999966e-006	4.640000e-006	5.000000e-006	4.295607e-007
4.649999999999966e-006	4.650000e-006	5.000000e-006	4.189223e-007
4.659999999999966e-006	4.660000e-006	5.000000e-006	4.082821e-007
4.669999999999966e-006	4.670000e-006	5.000000e-006	3.976402e-007
4.679999999999965e-006	4.680000e-006	5.000000e-006	3.869965e-007
4.689999999999965e-006	4.690000e-006	5.000000e-006	3.763510e-007
4.699999999999965e-006	4.700000e-006	5.000000e-006	3.657039e-007
4.709999999999965e-006	4.710000e-006	5.000000e-006	3.550550e-007
4.719999999999965e-006	4.720000e-006	5.000000e-006	3.444046e-007
4.729999999999965e-006	4.730000e-006	5.000000e-006	3.337525e-007
4.739999999999965e-006	4.740000e-006	5.000000e-006	3.230990e-007
4.749999999999965e-006	4.750000e-006	5.000000e-006	3.124440e-007
4.759999999999965e-006	4.760000e-006	5.000000e-006	3.017877e-007
4.769999999999965e-006	4.770000e-006	5.000000e-006	2.911302e-007
4.779999999999964e-006	4.780000e-006	5.000000e-006	2.804717e-007
4.789999999999964e-006	4.790000e-006	5.000000e-006	2.698123e-007
4.799999999999964e-006	4.800000e-006	5.000000e-006	2.591523e-007
4.809999999999964e-006	4.810000e-006	5.000000e-006	2.484920e-007
4.819999999999964e-006	4.820000e-006	5.000000e-006	2.378316e-007
4.829999999999964e-006	4.830000e-006	5.000000e-006	2.271717e-007
4.839999999999964e-006	4.840000e-006	5.000000e-006	2.165126e-007
4.849999999999964e-006	4.850000e-006	5.000000e-006	2.058550e-007
4.859999999999964e-006	4.860000e-006	5.000000e-006	1.951996e-007
4.869999999999964e-006	4.870000e-006	5.000000e-006	1.845474e-007
4.879999999999963e-006	4.880000e-006	5.000000e-006	1.738993e-007
4.889999999999963e-006	4.890000e-006	5.000000e-006	1.632569e-007
4.899999999999963e-006	4.900000e-006	5.000000e-006	1.526219e-007
4.909999999999963e-006	4.910000e-006	5.000000e-006	1.419964e-007
4.919999999999963e-006	4.920000e-006	5.000000e-006	1.313835e-007
4.929999999999963e-006	4.930000e-006	5.000000e-006	1.207866e-007
4.939999999999963e-006	4.940000e-006	5.000000e-006	1.102107e-007
4.949999999999963e-006	4.950000e-006	5.000000e-006	9.966237e-008
4.959999999999963e-006	4.960000e-006	5.000000e-006	8.915040e-008
4.969999999999963e-006	4.970000e-006	5.000000e-006	7.868729e-008
4.979999999999963e-006	4.980000e-006	5.000000e-006	6.829094e-008
4.989999999999962e-006	4.990000e-006	5.000000e-006	5.798801e-008
4.999999999999962e-006	5.000000e-006	5.000000e-006	4.781995e-008
5.009999999999962e-006	5.010000e-006	5.000000e-006	3.785463e-008
5.019999999999962e-006	5.020000e-006	5.000000e-006	2.817577e-008
5.029999999999962e-006	5.030000e-006	5.000000e-006	1.905148e-008
5.039999999999962e-006	5.040000e-006	5.000000e-006	1.090808e-008
5.049999999999962e-006	5.050000e-006	5.000000e-006	4.649697e-009
5.059999999999962e-006	5.060000e-006	5.000000e-006	1.336425e-009
5.069999999999962e-006	5.070000e-006	5.000000e-006	3.383404e-010
5.079999999999962e-006	5.080000e-006	5.000000e-006	1.297370e-010
5.089999999999961e-006	5.090000e-006	5.000000e-006	8.208743e-011
5.099999999999961e-006	5.100000e-006	5.000000e-006	6.307674e-011
5.109999999999961e-006	5.110000e-006	5.000000e-006	5.238588e-011
5.119999999999961e-006	5.120000e-006	5.000000e-006	4.566207e-011
5.129999999999961e-006	5.130000e-006	5.000000e-006	4.084152e-011
5.139999999999961e-006	5.140000e-006	5.000000e-006	3.718422e-011
5.149999999999961e-006	5.150000e-006	5.000000e-006	3.431007e-011
5.159999999999961e-006	5.160000e-006	5.000000e-006	3.198348e-011
5.169999999999961e-006	5.170000e-006	5.000000e-006	3.005551e-011
5.179999999999961e-006	5.180000e-006	5.000000e-006	2.842773e-011
5.189999999999961e-006	5.190000e-006	5.000000e-006	2.703225e-011
5.199999999999960e-006	5.200000e-006	5.000000e-006	2.582062e-011
5.209999999999960e-006	5.210000e-006	5.000000e-006	2.475724e-011
5.219999999999960e-006	5.220000e-006	5.000000e-006	2.381536e-011
5.229999999999960e-006	5.230000e-006	5.000000e-006	2.297445e-011
5.239999999999960e-006	5.240000e-006	5.000000e-006	2.221845e-011
5.249999999999960e-006	5.250000e-006	5.000000e-006	2.153466e-011
5.259999999999960e-006	5.260000e-006	5.000000e-006	2.091282e-011
5.269999999999960e-006	5.270000e-006	5.000000e-006	2.034462e-011
5.279999999999960e-006	5.280000e-006	5.000000e-006	1.982318e-011
5.289999999999960e-006	5.290000e-006	5.000000e-006	1.934283e-011
5.299999999999959e-006	5.300000e-006	5.000000e-006	1.889876e-011
5.309999999999959e-006	5.310000e-006	5.000000e-006	1.848694e-011
5.319999999999959e-006	5.320000e-006	5.000000e-006	1.810394e-011
5.329999999999959e-006	5.330000e-006	5.000000e-006	1.774678e-011
5.339999999999959e-006	5.340000e-006	5.000000e-006	1.741291e-011
5.349999999999959e-006	5.350000e-006	5.000000e-006	1.710012e-011
5.359999999999959e-006	5.360000e-006	5.000000e-006	1.680646e-011
5.369999999999959e-006	5.370000e-006	5.000000e-006	1.653023e-011
5.379999999999959e-006	5.380000e-006	5.000000e-006	1.626993e-011
5.389999999999959e-006	5.390000e-006	5.000000e-006	1.602421e-011
5.399999999999959e-006	5.400000e-006	5.000000e-006	1.579190e-011
5.409999999999958e-006	5.410000e-006	5.000000e-006	1.557192e-011
5.419999999999958e-006	5.420000e-006	5.000000e-006	1.536334e-011
5.429999999999958e-006	5.430000e-006	5.000000e-006	1.516528e-011
5.439999999999958e-006	5.440000e-006	5.000000e-006	1.497697e-011
5.449999999999958e-006	5.450000e-006	5.000000e-006	1.479773e-011
5.459999999999958e-006	5.460000e-006	5.000000e-006	1.462690e-011
5.469999999999958e-006	5.470000e-006	5.000000e-006	1.446393e-011
5.479999999999958e-006	5.480000e-006	5.000000e-006	1.430827e-011
5.489999999999958e-006	5.490000e-006	5.000000e-006	1.415946e-011
5.499999999999958e-006	5.500000e-006	5.000000e-006	1.401705e-011
5.509999999999957e-006	5.510000e-006	5.000000e-006	1.388064e-011
5.519999999999957e-006	5.520000e-006	5.000000e-006	1.374986e-011
5.529999999999957e-006	5.530000e-006	5.000000e-006	1.362437e-011
5.539999999999957e-006	5.540000e-006	5.000000e-006	1.350385e-011
5.549999999999957e-006	5.550000e-006	5.000000e-006	1.338803e-011
5.559999999999957e-006	5.560000e-006	5.000000e-006	1.327662e-011
5.569999999999957e-006	5.570000e-006	5.000000e-006	1.316939e-011
5.579999999999957e-006	5.580000e-006	5.000000e-006	1.306610e-011
5.589999999999957e-006	5.590000e-006	5.000000e-006	1.296654e-011
5.599999999999957e-006	5.600000e-006	5.000000e-006	1.287052e-011
5.609999999999957e-006	5.610000e-006	5.000000e-006	1.277784e-011
5.619999999999956e-006	5.620000e-006	5.000000e-006	1.268834e-011
5.629999999999956e-006	5.630000e-006	5.000000e-006	1.260186e-011
5.639999999999956e-006	5.640000e-006	5.000000e-006	1.251824e-011
5.649999999999956e-006	5.650000e-006	5.000000e-006	1.243735e-011
5.659999999999956e-006	5.660000e-006	5.000000e-006	1.235906e-011
5.669999999999956e-006	5.670000e-006	5.000000e-006	1.228325e-011
5.679999999999956e-006	5.680000e-006	5.000000e-006	1.220979e-011
5.689999999999956e-006	5.690000e-006	5.000000e-006	1.213858e-011
5.699999999999956e-006	5.700000e-006	5.000000e-006	1.206953e-011
5.709999999999956e-006	5.710000e-006	5.000000e-006	1.200252e-011
5.719999999999955e-006	5.720000e-006	5.000000e-006	1.193749e-011
5.729999999999955e-006	5.730000e-006	5.000000e-006	1.187433e-011
5.739999999999955e-006	5.740000e-006	5.000000e-006	1.181297e-011
5.749999999999955e-006	5.750000e-006	5.000000e-006	1.175333e-011
5.759999999999955e-006	5.760000e-006	5.000000e-006	1.169535e-011
5.769999999999955e-006	5.770000e-006	5.000000e-006	1.163895e-011
5.779999999999955e-006	5.780000e-006	5.000000e-006	1.158407e-011
5.789999999999955e-006	5.790000e-006	5.000000e-006	1.153066e-011
5.799999999999955e-006	5.800000e-006	5.000000e-006	1.147865e-011
5.809999999999955e-006	5.810000e-006	5.000000e-006	1.142799e-011
5.819999999999954e-006	5.820000e-006	5.000000e-006	1.137862e-011
5.829999999999954e-006	5.830000e-006	5.000000e-006	1.133051e-011
5.839999999999954e-006	5.840000e-006	5.000000e-006	1.128360e-011
5.849999999999954e-006	5.850000e-006	5.000000e-006	1.123784e-011
5.859999999999954e-006	5.860000e-006	5.000000e-006	1.119320e-011
5.869999999999954e-006	5.870000e-006	5.000000e-006	1.114964e-011
5.879999999999954e-006	5.880000e-006	5.000000e-006	1.110712e-011
5.889999999999954e-006	5.890000e-006	5.000000e-006	1.106560e-011
5.899999999999954e-006	5.900000e-006	5.000000e-006	1.102504e-011
5.909999999999954e-006	5.910000e-006	5.000000e-006	1.098542e-011
5.919999999999954e-006	5.920000e-006	5.000000e-006	1.094671e-011
5.929999999999953e-006	5.930000e-006	5.000000e-006	1.090886e-011
5.939999999999953e-006	5.940000e-006	5.000000e-006	1.087186e-011
5.949999999999953e-006	5.950000e-006	5.000000e-006	1.083567e-011
5.959999999999953e-006	5.960000e-006	5.000000e-006	1.080027e-011
5.969999999999953e-006	5.970000e-006	5.000000e-006	1.076564e-011
5.979999999999953e-006	5.980000e-006	5.000000e-006	1.073174e-011
5.989999999999953e-006	5.990000e-006	5.000000e-006	1.069857e-011
5.999999999999953e-006	6.000000e-006	5.000000e-006	1.066608e-011
6.009999999999953e-006	6.010000e-006	5.000000e-006	1.063427e-011
6.019999999999953e-006	6.020000e-006	5.000000e-006	1.060311e-011
6.029999999999952e-006	6.030000e-006	5.000000e-006	1.057259e-011
6.039999999999952e-006	6.040000e-006	5.000000e-006	1.054268e-011
6.049999999999952e-006	6.050000e-006	5.000000e-006	1.051336e-011
6.059999999999952e-006	6.060000e-006	5.000000e-006	1.048462e-011
6.069999999999952e-006	6.070000e-006	5.000000e-006	1.045645e-011
6.079999999999952e-006	6.080000e-006	5.000000e-006	1.042882e-011
6.089999999999952e-006	6.090000e-006	5.000000e-006	1.040172e-011
6.099999999999952e-006	6.100000e-006	5.000000e-006	1.037513e-011
6.109999999999952e-006	6.110000e-006	5.000000e-006	1.034905e-011
6.119999999999952e-006	6.120000e-006	5.000000e-006	1.032345e-011
6.129999999999952e-006	6.130000e-006	5.000000e-006	1.029833e-011
6.139999999999951e-006	6.140000e-006	5.000000e-006	1.027366e-011
6.149999999999951e-006	6.150000e-006	5.000000e-006	1.024945e-011
6.159999999999951e-006	6.160000e-006	5.000000e-006	1.022567e-011
6.169999999999951e-006	6.170000e-006	5.000000e-006	1.020232e-011
6.179999999999951e-006	6.180000e-006	5.000000e-006	1.017938e-011
6.189999999999951e-006	6.190000e-006	5.000000e-006	1.015684e-011
6.199999999999951e-006	6.200000e-006	5.000000e-006	1.013470e-011
6.209999999999951e-006	6.210000e-006	5.000000e-006	1.011294e-011
6.219999999999951e-006	6.220000e-006	5.000000e-006	1.009155e-011
6.229999999999951e-006	6.230000e-006	5.000000e-006	1.007053e-011
6.239999999999950e-006	6.240000e-006	5.000000e-006	1.004986e-011
6.249999999999950e-006	6.250000e-006	5.000000e-006	1.002953e-011
6.259999999999950e-006	6.260000e-006	5.000000e-006	1.000954e-011
6.269999999999950e-006	6.270000e-006	5.000000e-006	9.989885e-012
6.279999999999950e-006	6.280000e-006	5.000000e-006	9.970549e-012
6.289999999999950e-006	6.290000e-006	5.000000e-006	9.951525e-012
6.299999999999950e-006	6.300000e-006	5.000000e-006	9.932808e-012
6.309999999999950e-006	6.310000e-006	5.000000e-006	9.914390e-012
6.319999999999950e-006	6.320000e-006	5.000000e-006	9.896263e-012
6.329999999999950e-006	6.330000e-006	5.000000e-006	9.878421e-012
6.339999999999950e-006	6.340000e-006	5.000000e-006	9.860858e-012
6.349999999999949e-006	6.350000e-006	5.000000e-006	9.843567e-012
6.359999999999949e-006	6.360000e-006	5.000000e-006	9.826542e-012
6.369999999999949e-006	6.370000e-006	5.000000e-006	9.809777e-012
6.379999999999949e-006	6.380000e-006	5.000000e-006	9.793267e-012
6.389999999999949e-006	6.390000e-006	5.000000e-006	9.777005e-012
6.399999999999949e-006	6.400000e-006	5.000000e-006	9.760985e-012
6.409999999999949e-006	6.410000e-006	5.000000e-006	9.745205e-012
6.419999999999949e-006	6.420000e-006	5.000000e-006	9.729655e-012
6.429999999999949e-006	6.430000e-006	5.000000e-006	9.714334e-012
6.439999999999949e-006	6.440000e-006	5.000000e-006	9.699236e-012
6.449999999999948e-006	6.450000e-006	5.000000e-006	9.684356e-012
6.459999999999948e-006	6.460000e-006	5.000000e-006	9.669689e-012
6.469999999999948e-006	6.470000e-006	5.000000e-006	9.655231e-012
6.479999999999948e-006	6.480000e-006	5.000000e-006	9.640977e-012
6.489999999999948e-006	6.490000e-006	5.000000e-006	9.626924e-012
6.499999999999948e-006	6.500000e-006	5.000000e-006	9.613067e-012
6.509999999999948e-006	6.510000e-006	5.000000e-006	9.599402e-012
6.519999999999948e-006	6.520000e-006	5.000000e-006	9.585926e-012
6.529999999999948e-006	6.530000e-006	5.000000e-006	9.572634e-012
6.539999999999948e-006	6.540000e-006	5.000000e-006	9.559523e-012
6.549999999999948e-006	6.550000e-006	5.000000e-006	9.546589e-012
6.559999999999947e-006	6.560000e-006	5.000000e-006	9.533829e-012
6.569999999999947e-006	6.570000e-006	5.000000e-006	9.521239e-012
6.579999999999947e-006	6.580000e-006	5.000000e-006	9.508816e-012
6.589999999999947e-006	6.590000e-006	5.000000e-006	9.496557e-012
6.599999999999947e-006	6.600000e-006	5.000000e-006	9.484458e-012
6.609999999999947e-006	6.610000e-006	5.000000e-006	9.472517e-012
6.619999999999947e-006	6.620000e-006	5.000000e-006	9.460731e-012
6.629999999999947e-006	6.630000e-006	5.000000e-006	9.449096e-012
6.639999999999947e-006	6.640000e-006	5.000000e-006	9.437610e-012
6.649999999999947e-006	6.650000e-006	5.000000e-006	9.426271e-012
6.659999999999946e-006	6.660000e-006	5.000000e-006	9.415074e-012
6.669999999999946e-006	6.670000e-006	5.000000e-006	9.404017e-012
6.679999999999946e-006	6.680000e-006	5.000000e-006	9.393099e-012
6.689999999999946e-006	6.690000e-006	5.000000e-006	9.382317e-012
6.699999999999946e-006	6.700000e-006	5.000000e-006	9.371667e-012
6.709999999999946e-006	6.710000e-006	5.000000e-006	9.361148e-012
6.719999999999946e-006	6.720000e-006	5.000000e-006	9.350758e-012
6.729999999999946e-006	6.730000e-006	5.000000e-006	9.340494e-012
6.739999999999946e-006	6.740000e-006	5.000000e-006	9.330352e-012
6.749999999999946e-006	6.750000e-006	5.000000e-006	9.320334e-012
6.759999999999945e-006	6.760000e-006	5.000000e-006	9.310434e-012
6.769999999999945e-006	6.770000e-006	5.000000e-006	9.300652e-012
6.779999999999945e-006	6.780000e-006	5.000000e-006	9.290986e-012
6.789999999999945e-006	6.790000e-006	5.000000e-006	9.281432e-012
6.799999999999945e-006	6.800000e-006	5.000000e-006	9.271990e-012
6.809999999999945e-006	6.810000e-006	5.000000e-006	9.262658e-012
6.819999999999945e-006	6.820000e-006	5.000000e-006	9.253433e-012
6.829999999999945e-006	6.830000e-006	5.000000e-006	9.244315e-012
6.839999999999945e-006	6.840000e-006	5.000000e-006	9.235300e-012
6.849999999999945e-006	6.850000e-006	5.000000e-006	9.226388e-012
6.859999999999945e-006	6.860000e-006	5.000000e-006	9.217576e-012
6.869999999999944e-006	6.870000e-006	5.000000e-006	9.208864e-012
6.879999999999944e-006	6.880000e-006	5.000000e-006	9.200249e-012
6.889999999999944e-006	6.890000e-006	5.000000e-006	9.191730e-012
6.899999999999944e-006	6.900000e-006	5.000000e-006	9.183304e-012
6.909999999999944e-006	6.910000e-006	5.000000e-006	9.174972e-012
6.919999999999944e-006	6.920000e-006	5.000000e-006	9.166732e-012
6.929999999999944e-006	6.930000e-006	5.000000e-006	9.158580e-012
6.939999999999944e-006	6.940000e-006	5.000000e-006	9.150517e-012
6.949999999999944e-006	6.950000e-006	5.000000e-006	9.142541e-012
6.959999999999944e-006	6.960000e-006	5.000000e-006	9.134651e-012
6.969999999999943e-006	6.970000e-006	5.000000e-006	9.126844e-012
6.979999999999943e-006	6.980000e-006	5.000000e-006	9.119121e-012
6.989999999999943e-006	6.990000e-006	5.000000e-006	9.111480e-012
6.999999999999943e-006	7.000000e-006	5.000000e-006	9.103919e-012
7.009999999999943e-006	7.010000e-006	5.000000e-006	9.096436e-012
7.019999999999943e-006	7.020000e-006	5.000000e-006	9.089032e-012
7.029999999999943e-006	7.030000e-006	5.000000e-006	9.081705e-012
7.039999999999943e-006	7.040000e-006	5.000000e-006	9.074453e-012
7.049999999999943e-006	7.050000e-006	5.000000e-006	9.067276e-012
7.059999999999943e-006	7.060000e-006	5.000000e-006	9.060172e-012
7.069999999999943e-006	7.070000e-006	5.000000e-006	9.053140e-012
7.079999999999942e-006	7.080000e-006	5.000000e-006	9.046180e-012
7.089999999999942e-006	7.090000e-006	5.000000e-006	9.039289e-012
7.099999999999942e-006	7.100000e-006	5.000000e-006	9.032468e-012
7.109999999999942e-006	7.110000e-006	5.000000e-006	9.025715e-012
7.119999999999942e-006	7.120000e-006	5.000000e-006	9.019029e-012
7.129999999999942e-006	7.130000e-006	5.000000e-006	9.012409e-012
7.139999999999942e-006	7.140000e-006	5.000000e-006	9.005854e-012
7.149999999999942e-006	7.150000e-006	5.000000e-006	8.999364e-012
7.159999999999942e-006	7.160000e-006	5.000000e-006	8.992936e-012
7.169999999999942e-006	7.170000e-006	5.000000e-006	8.986571e-012
7.179999999999941e-006	7.180000e-006	5.000000e-006	8.980268e-012
7.189999999999941e-006	7.190000e-006	5.000000e-006	8.974025e-012
7.199999999999941e-006	7.200000e-006	5.000000e-006	8.967842e-012
7.209999999999941e-006	7.210000e-006	5.000000e-006	8.961718e-012
7.219999999999941e-006	7.220000e-006	5.000000e-006	8.955652e-012
7.229999999999941e-006	7.230000e-006	5.000000e-006	8.949644e-012
7.239999999999941e-006	7.240000e-006	5.000000e-006	8.943691e-012
7.249999999999941e-006	7.250000e-006	5.000000e-006	8.937796e-012
7.259999999999941e-006	7.260000e-006	5.000000e-006	8.931954e-012
7.269999999999941e-006	7.270000e-006	5.000000e-006	8.926167e-012
7.279999999999941e-006	7.280000e-006	5.000000e-006	8.920434e-012
7.289999999999940e-006	7.290000e-006	5.000000e-006	8.914753e-012
7.299999999999940e-006	7.300000e-006	5.000000e-006	8.909124e-012
7.309999999999940e-006	7.310000e-006	5.000000e-006	8.903547e-012
7.319999999999940e-006	7.320000e-006	5.000000e-006	8.898021e-012
7.329999999999940e-006	7.330000e-006	5.000000e-006	8.892545e-012
7.339999999999940e-006	7.340000e-006	5.000000e-006	8.887118e-012
7.349999999999940e-006	7.350000e-006	5.000000e-006	8.881739e-012
7.359999999999940e-006	7.360000e-006	5.000000e-006	8.876409e-012
7.369999999999940e-006	7.370000e-006	5.000000e-006	8.871126e-012
7.379999999999940e-006	7.380000e-006	5.000000e-006	8.865891e-012
7.389999999999939e-006	7.390000e-006	5.000000e-006	8.860701e-012
7.399999999999939e-006	7.400000e-006	5.000000e-006	8.855557e-012
7.409999999999939e-006	7.410000e-006	5.000000e-006	8.850458e-012
7.419999999999939e-006	7.420000e-006	5.000000e-006	8.845404e-012
7.429999999999939e-006	7.430000e-006	5.000000e-006	8.840393e-012
7.439999999999939e-006	7.440000e-006	5.000000e-006	8.835425e-012
7.449999999999939e-006	7.450000e-006	5.000000e-006	8.830501e-012
7.459999999999939e-006	7.460000e-006	5.000000e-006	8.825619e-012
7.469999999999939e-006	7.470000e-006	5.000000e-006	8.820778e-012
7.479999999999939e-006	7.480000e-006	5.000000e-006	8.815979e-012
7.489999999999939e-006	7.490000e-006	5.000000e-006	8.811220e-012
7.499999999999938e-006	7.500000e-006	5.000000e-006	8.806502e-012
7.509999999999938e-006	7.510000e-006	5.000000e-006	8.801823e-012
7.519999999999938e-006	7.520000e-006	5.000000e-006	8.797184e-012
7.529999999999938e-006	7.530000e-006	5.000000e-006	8.792583e-012
7.539999999999938e-006	7.540000e-006	5.000000e-006	8.788021e-012
7.549999999999938e-006	7.550000e-006	5.000000e-006	8.783496e-012
7.559999999999938e-006	7.560000e-006	5.000000e-006	8.779009e-012
7.569999999999938e-006	7.570000e-006	5.000000e-006	8.774558e-012
7.579999999999938e-006	7.580000e-006	5.000000e-006	8.770144e-012
7.589999999999938e-006	7.590000e-006	5.000000e-006	8.765767e-012
7.599999999999937e-006	7.600000e-006	5.000000e-006	8.761424e-012
7.609999999999937e-006	7.610000e-006	5.000000e-006	8.757117e-012
7.619999999999937e-006	7.620000e-006	5.000000e-006	8.752844e-012
7.629999999999937e-006	7.630000e-006	5.000000e-006	8.748606e-012
7.639999999999937e-006	7.640000e-006	5.000000e-006	8.744402e-012
7.649999999999937e-006	7.650000e-006	5.000000e-006	8.740232e-012
7.659999999999937e-006	7.660000e-006	5.000000e-006	8.736093e-012
7.669999999999937e-006	7.670000e-006	5.000000e-006	8.731989e-012
7.679999999999937e-006	7.680000e-006	5.000000e-006	8.727917e-012
7.689999999999937e-006	7.690000e-006	5.000000e-006	8.723876e-012
7.699999999999936e-006	7.700000e-006	5.000000e-006	8.719868e-012
7.709999999999936e-006	7.710000e-006	5.000000e-006	8.715890e-012
7.719999999999936e-006	7.720000e-006	5.000000e-006	8.711943e-012
7.729999999999936e-006	7.730000e-006	5.000000e-006	8.708027e-012
7.739999999999936e-006	7.740000e-006	5.000000e-006	8.704142e-012
7.749999999999936e-006	7.750000e-006	5.000000e-006	8.700285e-012
7.759999999999936e-006	7.760000e-006	5.000000e-006	8.696459e-012
7.769999999999936e-006	7.770000e-006	5.000000e-006	8.692662e-012
7.779999999999936e-006	7.780000e-006	5.000000e-006	8.688894e-012
7.789999999999936e-006	7.790000e-006	5.000000e-006	8.685154e-012
7.799999999999936e-006	7.800000e-006	5.000000e-006	8.681443e-012
7.809999999999935e-006	7.810000e-006	5.000000e-006	8.677759e-012
7.819999999999935e-006	7.820000e-006	5.000000e-006	8.674103e-012
7.829999999999935e-006	7.830000e-006	5.000000e-006	8.670475e-012
7.839999999999935e-006	7.840000e-006	5.000000e-006	8.666874e-012
7.849999999999935e-006	7.850000e-006	5.000000e-006	8.663298e-012
7.859999999999935e-006	7.860000e-006	5.000000e-006	8.659750e-012
7.869999999999935e-006	7.870000e-006	5.000000e-006	8.656229e-012
7.879999999999935e-006	7.880000e-006	5.000000e-006	8.652732e-012
7.889999999999935e-006	7.890000e-006	5.000000e-006	8.649261e-012
7.899999999999935e-006	7.900000e-006	5.000000e-006	8.645816e-012
7.909999999999934e-006	7.910000e-006	5.000000e-006	8.642396e-012
7.919999999999934e-006	7.920000e-006	5.000000e-006	8.639000e-012
7.929999999999934e-006	7.930000e-006	5.000000e-006	8.635629e-012
7.939999999999934e-006	7.940000e-006	5.000000e-006	8.632282e-012
7.949999999999934e-006	7.950000e-006	5.000000e-006	8.628960e-012
7.959999999999934e-006	7.960000e-006	5.000000e-006	8.625661e-012
7.969999999999934e-006	7.970000e-006	5.000000e-006	8.622385e-012
7.979999999999934e-006	7.980000e-006	5.000000e-006	8.619133e-012
7.989999999999934e-006	7.990000e-006	5.000000e-006	8.615904e-012
7.999999999999934e-006	8.000000e-006	5.000000e-006	8.612697e-012
8.009999999999934e-006	8.010000e-006	5.000000e-006	8.609513e-012
8.019999999999933e-006	8.020000e-006	5.000000e-006	8.606352e-012
8.029999999999933e-006	8.030000e-006	5.000000e-006	8.603213e-012
8.039999999999933e-006	8.040000e-006	5.000000e-006	8.600095e-012
8.049999999999933e-006	8.050000e-006	5.000000e-006	8.596999e-012
8.059999999999933e-006	8.060000e-006	5.000000e-006	8.593925e-012
8.069999999999933e-006	8.070000e-006	5.000000e-006	8.590872e-012
8.079999999999933e-006	8.080000e-006	5.000000e-006	8.587840e-012
8.089999999999933e-006	8.090000e-006	5.000000e-006	8.584828e-012
8.099999999999933e-006	8.100000e-006	5.000000e-006	8.581837e-012
8.109999999999933e-006	8.110000e-006	5.000000e-006	8.578866e-012
8.119999999999932e-006	8.120000e-006	5.000000e-006	8.575916e-012
8.129999999999932e-006	8.130000e-006	5.000000e-006	8.572985e-012
8.139999999999932e-006	8.140000e-006	5.000000e-006	8.570075e-012
8.149999999999932e-006	8.150000e-006	5.000000e-006	8.567183e-012
8.159999999999932e-006	8.160000e-006	5.000000e-006	8.564312e-012
8.169999999999932e-006	8.170000e-006	5.000000e-006	8.561460e-012
8.179999999999932e-006	8.180000e-006	5.000000e-006	8.558626e-012
8.189999999999932e-006	8.190000e-006	5.000000e-006	8.555811e-012
8.199999999999932e-006	8.200000e-006	5.000000e-006	8.553015e-012
8.209999999999932e-006	8.210000e-006	5.000000e-006	8.550238e-012
8.219999999999932e-006	8.220000e-006	5.000000e-006	8.547478e-012
8.229999999999931e-006	8.230000e-006	5.000000e-006	8.544737e-012
8.239999999999931e-006	8.240000e-006	5.000000e-006	8.542013e-012
8.249999999999931e-006	8.250000e-006	5.000000e-006	8.539308e-012
8.259999999999931e-006	8.260000e-006	5.000000e-006	8.536620e-012
8.269999999999931e-006	8.270000e-006	5.000000e-006	8.533950e-012
8.279999999999931e-006	8.280000e-006	5.000000e-006	8.531296e-012
8.289999999999931e-006	8.290000e-006	5.000000e-006	8.528660e-012
8.299999999999931e-006	8.300000e-006	5.000000e-006	8.526040e-012
8.309999999999931e-006	8.310000e-006	5.000000e-006	8.523438e-012
8.319999999999931e-006	8.320000e-006	5.000000e-006	8.520852e-012
8.329999999999930e-006	8.330000e-006	5.000000e-006	8.518282e-012
8.339999999999930e-006	8.340000e-006	5.000000e-006	8.515729e-012
8.349999999999930e-006	8.350000e-006	5.000000e-006	8.513192e-012
8.359999999999930e-006	8.360000e-006	5.000000e-006	8.510671e-012
8.369999999999930e-006	8.370000e-006	5.000000e-006	8.508166e-012
8.379999999999930e-006	8.380000e-006	5.000000e-006	8.505676e-012
8.389999999999930e-006	8.390000e-006	5.000000e-006	8.503202e-012
8.399999999999930e-006	8.400000e-006	5.000000e-006	8.500744e-012
8.409999999999930e-006	8.410000e-006	5.000000e-006	8.498301e-012
8.419999999999930e-006	8.420000e-006	5.000000e-006	8.495872e-012
8.429999999999930e-006	8.430000e-006	5.000000e-006	8.493459e-012
8.439999999999929e-006	8.440000e-006	5.000000e-006	8.491061e-012
8.449999999999929e-006	8.450000e-006	5.000000e-006	8.488678e-012
8.459999999999929e-006	8.460000e-006	5.000000e-006	8.486309e-012
8.469999999999929e-006	8.470000e-006	5.000000e-006	8.483955e-012
8.479999999999929e-006	8.480000e-006	5.000000e-006	8.481615e-012
8.489999999999929e-006	8.490000e-006	5.000000e-006	8.479288e-012
8.499999999999929e-006	8.500000e-006	5.000000e-006	8.476977e-012
8.509999999999929e-006	8.510000e-006	5.000000e-006	8.474679e-012
8.519999999999929e-006	8.520000e-006	5.000000e-006	8.472395e-012
8.529999999999929e-006	8.530000e-006	5.000000e-006	8.470125e-012
8.539999999999928e-006	8.540000e-006	5.000000e-006	8.467868e-012
8.549999999999928e-006	8.550000e-006	5.000000e-006	8.465625e-012
8.559999999999928e-006	8.560000e-006	5.000000e-006	8.463395e-012
8.569999999999928e-006	8.570000e-006	5.000000e-006	8.461178e-012
8.579999999999928e-006	8.580000e-006	5.000000e-006	8.458975e-012
8.589999999999928e-006	8.590000e-006	5.000000e-006	8.456785e-012
8.599999999999928e-006	8.600000e-006	5.000000e-006	8.454607e-012
8.609999999999928e-006	8.610000e-006	5.000000e-006	8.452442e-012
8.619999999999928e-006	8.620000e-006	5.000000e-006	8.450290e-012
8.629999999999928e-006	8.630000e-006	5.000000e-006	8.448150e-012
8.639999999999927e-006	8.640000e-006	5.000000e-006	8.446023e-012
8.649999999999927e-006	8.650000e-006	5.000000e-006	8.443909e-012
8.659999999999927e-006	8.660000e-006	5.000000e-006	8.441806e-012
8.669999999999927e-006	8.670000e-006	5.000000e-006	8.439716e-012
8.679999999999927e-006	8.680000e-006	5.000000e-006	8.437637e-012
8.689999999999927e-006	8.690000e-006	5.000000e-006	8.435571e-012
8.699999999999927e-006	8.700000e-006	5.000000e-006	8.433516e-012
8.709999999999927e-006	8.710000e-006	5.000000e-006	8.431473e-012
8.719999999999927e-006	8.720000e-006	5.000000e-006	8.429442e-012
8.729999999999927e-006	8.730000e-006	5.000000e-006	8.427423e-012
8.739999999999927e-006	8.740000e-006	5.000000e-006	8.425415e-012
8.749999999999926e-006	8.750000e-006	5.000000e-006	8.423418e-012
8.759999999999926e-006	8.760000e-006	5.000000e-006	8.421432e-012
8.769999999999926e-006	8.770000e-006	5.000000e-006	8.419458e-012
8.779999999999926e-006	8.780000e-006	5.000000e-006	8.417495e-012
8.789999999999926e-006	8.790000e-006	5.000000e-006	8.415543e-012
8.799999999999926e-006	8.800000e-006	5.000000e-006	8.413601e-012
8.809999999999926e-006	8.810000e-006	5.000000e-006	8.411670e-012
8.819999999999926e-006	8.820000e-006	5.000000e-006	8.409750e-012
8.829999999999926e-006	8.830000e-006	5.000000e-006	8.407841e-012
8.839999999999926e-006	8.840000e-006	5.000000e-006	8.405943e-012
8.849999999999925e-006	8.850000e-006	5.000000e-006	8.404054e-012
8.859999999999925e-006	8.860000e-006	5.000000e-006	8.402176e-012
8.869999999999925e-006	8.870000e-006	5.000000e-006	8.400308e-012
8.879999999999925e-006	8.880000e-006	5.000000e-006	8.398451e-012
8.889999999999925e-006	8.890000e-006	5.000000e-006	8.396604e-012
8.899999999999925e-006	8.900000e-006	5.000000e-006	8.394767e-012
8.909999999999925e-006	8.910000e-006	5.000000e-006	8.392939e-012
8.919999999999925e-006	8.920000e-006	5.000000e-006	8.391122e-012
8.929999999999925e-006	8.930000e-006	5.000000e-006	8.389314e-012
8.939999999999925e-006	8.940000e-006	5.000000e-006	8.387516e-012
8.949999999999925e-006	8.950000e-006	5.000000e-006	8.385728e-012
8.959999999999924e-006	8.960000e-006	5.000000e-006	8.383949e-012
8.969999999999924e-006	8.970000e-006	5.000000e-006	8.382180e-012
8.979999999999924e-006	8.980000e-006	5.000000e-006	8.380420e-012
8.989999999999924e-006	8.990000e-006	5.000000e-006	8.378670e-012
8.999999999999924e-006	9.000000e-006	5.000000e-006	8.376928e-012
9.009999999999924e-006	9.010000e-006	5.000000e-006	8.375197e-012
9.019999999999924e-006	9.020000e-006	5.000000e-006	8.373474e-012
9.029999999999924e-006	9.030000e-006	5.000000e-006	8.371761e-012
9.039999999999924e-006	9.040000e-006	5.000000e-006	8.370056e-012
9.049999999999924e-006	9.050000e-006	5.000000e-006	8.368360e-012
9.059999999999923e-006	9.060000e-006	5.000000e-006	8.366673e-012
9.069999999999923e-006	9.070000e-006	5.000000e-006	8.364994e-012
9.079999999999923e-006	9.080000e-006	5.000000e-006	8.363326e-012
9.089999999999923e-006	9.090000e-006	5.000000e-006	8.361665e-012
9.099999999999923e-006	9.100000e-006	5.000000e-006	8.360012e-012
9.109999999999923e-006	9.110000e-006	5.000000e-006	8.358369e-012
9.119999999999923e-006	9.120000e-006	5.000000e-006	8.356734e-012
9.129999999999923e-006	9.130000e-006	5.000000e-006	8.355107e-012
9.139999999999923e-006	9.140000e-006	5.000000e-006	8.353488e-012
9.149999999999923e-006	9.150000e-006	5.000000e-006	8.351877e-012
9.159999999999923e-006	9.160000e-006	5.000000e-006	8.350275e-012
9.169999999999922e-006	9.170000e-006	5.000000e-006	8.348682e-012
9.179999999999922e-006	9.180000e-006	5.000000e-006	8.347096e-012
9.189999999999922e-006	9.190000e-006	5.000000e-006	8.345518e-012
9.199999999999922e-006	9.200000e-006	5.000000e-006	8.343949e-012
9.209999999999922e-006	9.210000e-006	5.000000e-006	8.342387e-012
9.219999999999922e-006	9.220000e-006	5.000000e-006	8.340832e-012
9.229999999999922e-006	9.230000e-006	5.000000e-006	8.339286e-012
9.239999999999922e-006	9.240000e-006	5.000000e-006	8.337748e-012
9.249999999999922e-006	9.250000e-006	5.000000e-006	8.336217e-012
9.259999999999922e-006	9.260000e-006	5.000000e-006	8.334693e-012
9.269999999999921e-006	9.270000e-006	5.000000e-006	8.333178e-012
9.279999999999921e-006	9.280000e-006	5.000000e-006	8.331670e-012
9.289999999999921e-006	9.290000e-006	5.000000e-006	8.330169e-012
9.299999999999921e-006	9.300000e-006	5.000000e-006	8.328675e-012
9.309999999999921e-006	9.310000e-006	5.000000e-006	8.327190e-012
9.319999999999921e-006	9.320000e-006	5.000000e-006	8.325711e-012
9.329999999999921e-006	9.330000e-006	5.000000e-006	8.324239e-012
9.339999999999921e-006	9.340000e-006	5.000000e-006	8.322775e-012
9.349999999999921e-006	9.350000e-006	5.000000e-006	8.321318e-012
9.359999999999921e-006	9.360000e-006	5.000000e-006	8.319867e-012
9.369999999999921e-006	9.370000e-006	5.000000e-006	8.318425e-012
9.379999999999920e-006	9.380000e-006	5.000000e-006	8.316989e-012
9.389999999999920e-006	9.390000e-006	5.000000e-006	8.315559e-012
9.399999999999920e-006	9.400000e-006	5.000000e-006	8.314138e-012
9.409999999999920e-006	9.410000e-006	5.000000e-006	8.312722e-012
9.419999999999920e-006	9.420000e-006	5.000000e-006	8.311313e-012
9.429999999999920e-006	9.430000e-006	5.000000e-006	8.309912e-012
9.439999999999920e-006	9.440000e-006	5.000000e-006	8.308516e-012
9.449999999999920e-006	9.450000e-006	5.000000e-006	8.307128e-012
9.459999999999920e-006	9.460000e-006	5.000000e-006	8.305746e-012
9.469999999999920e-006	9.470000e-006	5.000000e-006	8.304370e-012
9.479999999999919e-006	9.480000e-006	5.000000e-006	8.303002e-012
9.489999999999919e-006	9.490000e-006	5.000000e-006	8.301639e-012
9.499999999999919e-006	9.500000e-006	5.000000e-006	8.300283e-012
9.509999999999919e-006	9.510000e-006	5.000000e-006	8.298934e-012
9.519999999999919e-006	9.520000e-006	5.000000e-006	8.297590e-012
9.529999999999919e-006	9.530000e-006	5.000000e-006	8.296253e-012
9.539999999999919e-006	9.540000e-006	5.000000e-006	8.294922e-012
9.549999999999919e-006	9.550000e-006	5.000000e-006	8.293598e-012
9.559999999999919e-006	9.560000e-006	5.000000e-006	8.292279e-012
9.569999999999919e-006	9.570000e-006	5.000000e-006	8.290967e-012
9.579999999999918e-006	9.580000e-006	5.000000e-006	8.289661e-012
9.589999999999918e-006	9.590000e-006	5.000000e-006	8.288360e-012
9.599999999999918e-006	9.600000e-006	5.000000e-006	8.287066e-012
9.609999999999918e-006	9.610000e-006	5.000000e-006	8.285777e-012
9.619999999999918e-006	9.620000e-006	5.000000e-006	8.284495e-012
9.629999999999918e-006	9.630000e-006	5.000000e-006	8.283219e-012
9.639999999999918e-006	9.640000e-006	5.000000e-006	8.281948e-012
9.649999999999918e-006	9.650000e-006	5.000000e-006	8.280683e-012
9.659999999999918e-006	9.660000e-006	5.000000e-006	8.279424e-012
9.669999999999918e-006	9.670000e-006	5.000000e-006	8.278171e-012
9.679999999999918e-006	9.680000e-006	5.000000e-006	8.276923e-012
9.689999999999917e-006	9.690000e-006	5.000000e-006	8.275680e-012
9.699999999999917e-006	9.700000e-006	5.000000e-006	8.274444e-012
9.709999999999917e-006	9.710000e-006	5.000000e-006	8.273213e-012
9.719999999999917e-006	9.720000e-006	5.000000e-006	8.271988e-012
9.729999999999917e-006	9.730000e-006	5.000000e-006	8.270768e-012
9.739999999999917e-006	9.740000e-006	5.000000e-006	8.269553e-012
9.749999999999917e-006	9.750000e-006	5.000000e-006	8.268344e-012
9.759999999999917e-006	9.760000e-006	5.000000e-006	8.267140e-012
9.769999999999917e-006	9.770000e-006	5.000000e-006	8.265942e-012
9.779999999999917e-006	9.780000e-006	5.000000e-006	8.264749e-012
9.789999999999916e-006	9.790000e-006	5.000000e-006	8.263561e-012
9.799999999999916e-006	9.800000e-006	5.000000e-006	8.262379e-012
9.809999999999916e-006	9.810000e-006	5.000000e-006	8.261202e-012
9.819999999999916e-006	9.820000e-006	5.000000e-006	8.260029e-012
9.829999999999916e-006	9.830000e-006	5.000000e-006	8.258862e-012
9.839999999999916e-006	9.840000e-006	5.000000e-006	8.257700e-012
9.849999999999916e-006	9.850000e-006	5.000000e-006	8.256543e-012
9.859999999999916e-006	9.860000e-006	5.000000e-006	8.255391e-012
9.869999999999916e-006	9.870000e-006	5.000000e-006	8.254245e-012
9.879999999999916e-006	9.880000e-006	5.000000e-006	8.253103e-012
9.889999999999916e-006	9.890000e-006	5.000000e-006	8.251966e-012
9.899999999999915e-006	9.900000e-006	5.000000e-006	8.250834e-012
9.909999999999915e-006	9.910000e-006	5.000000e-006	8.249707e-012
9.919999999999915e-006	9.920000e-006	5.000000e-006	8.248585e-012
9.929999999999915e-006	9.930000e-006	5.000000e-006	8.247467e-012
9.939999999999915e-006	9.940000e-006	5.000000e-006	8.246355e-012
9.949999999999915e-006	9.950000e-006	5.000000e-006	8.245246e-012
9.959999999999915e-006	9.960000e-006	5.000000e-006	8.244143e-012
9.969999999999915e-006	9.970000e-006	5.000000e-006	8.243045e-012
9.979999999999915e-006	9.980000e-006	5.000000e-006	8.241951e-012
9.989999999999915e-006	9.990000e-006	5.000000e-006	8.240862e-012
9.999999999999999e-006	1.000000e-005	5.000000e-006	8.239778e-012
